404
404
404
404
401
401
401
401
401
411
411
411
411
411
411
409
409
409
409
409
435
435
435
435
435
408
408
408
408
408
408
394
394
394
394
394
405
405
405
405
405
416
416
416
416
416
416
405
405
405
405
405
403
403
403
403
403
404
404
404
404
404
404
407
407
407
407
407
408
408
408
408
408
411
411
411
411
411
411
401
401
401
401
401
424
424
424
424
424
402
402
402
402
402
402
425
425
425
425
425
399
399
399
399
399
424
424
424
424
424
424
425
425
425
425
425
400
400
400
400
400
412
412
412
412
412
412
401
401
401
401
401
413
413
413
413
413
418
418
418
418
418
418
419
419
419
419
419
424
424
424
424
424
411
411
411
411
411
411
409
409
409
409
409
390
390
390
390
390
404
404
404
404
404
404
402
402
402
402
402
412
412
412
412
412
412
412
412
412
412
412
404
404
404
404
404
420
420
420
420
420
413
413
413
413
413
413
401
401
401
401
401
416
416
416
416
416
413
413
413
413
413
413
416
416
416
416
416
404
404
404
404
404
424
424
424
424
424
424
411
411
411
411
411
404
404
404
404
404
407
407
407
407
407
407
414
414
414
414
414
422
422
422
422
422
413
413
413
413
413
413
394
394
394
394
394
418
418
418
418
418
389
389
389
389
389
389
417
417
417
417
417
423
423
423
423
423
398
398
398
398
398
398
408
408
408
408
408
418
418
418
418
418
413
413
413
413
413
413
417
417
417
417
417
417
417
417
417
417
404
404
404
404
404
404
399
399
399
399
399
416
416
416
416
416
415
415
415
415
415
415
419
419
419
419
419
408
408
408
408
408
408
408
408
408
408
408
404
404
404
404
404
423
423
423
423
423
408
408
408
408
408
408
396
396
396
396
396
393
393
393
393
393
405
405
405
405
405
405
404
404
404
404
404
403
403
403
403
403
404
404
404
404
404
404
403
403
403
403
403
407
407
407
407
407
405
405
405
405
405
405
405
405
405
405
405
415
415
415
415
415
410
410
410
410
410
410
411
411
411
411
411
405
405
405
405
405
408
408
408
408
408
408
415
415
415
415
415
414
414
414
414
414
412
412
412
412
412
412
419
419
419
419
419
412
412
412
412
412
413
413
413
413
413
413
416
416
416
416
416
405
405
405
405
405
404
404
404
404
404
404
411
411
411
411
411
408
408
408
408
408
409
409
409
409
409
409
411
411
411
411
411
405
405
405
405
405
405
405
405
405
405
405
407
407
407
407
407
411
411
411
411
411
422
422
422
422
422
422
403
403
403
403
403
412
412
412
412
412
405
405
405
405
405
405
402
402
402
402
402
405
405
405
405
405
408
408
408
408
408
408
399
399
399
399
399
411
411
411
411
411
420
420
420
420
420
420
411
411
411
411
411
411
411
411
411
411
413
413
413
413
413
413
416
416
416
416
416
403
403
403
403
403
406
406
406
406
406
406
415
415
415
415
415
404
404
404
404
404
408
408
408
408
408
408
403
403
403
403
403
412
412
412
412
412
413
413
413
413
413
413
392
392
392
392
392
407
407
407
407
407
415
415
415
415
415
415
417
417
417
417
417
405
405
405
405
405
389
389
389
389
389
389
403
403
403
403
403
398
398
398
398
398
407
407
407
407
407
407
399
399
399
399
399
402
402
402
402
402
406
406
406
406
406
406
417
417
417
417
417
412
412
412
412
412
412
412
412
412
412
412
409
409
409
409
409
397
397
397
397
397
402
402
402
402
402
402
396
396
396
396
396
415
415
415
415
415
398
398
398
398
398
398
413
413
413
413
413
412
412
412
412
412
411
411
411
411
411
411
404
404
404
404
404
418
418
418
418
418
403
403
403
403
403
403
421
421
421
421
421
404
404
404
404
404
411
411
411
411
411
411
409
409
409
409
409
408
408
408
408
408
403
403
403
403
403
403
409
409
409
409
409
408
408
408
408
408
408
408
408
408
408
408
408
408
408
408
408
403
403
403
403
403
415
415
415
415
415
415
412
412
412
412
412
402
402
402
402
402
414
414
414
414
414
414
404
404
404
404
404
409
409
409
409
409
391
391
391
391
391
391
432
432
432
432
432
409
409
409
409
409
407
407
407
407
407
407
397
397
397
397
397
409
409
409
409
409
400
400
400
400
400
400
405
405
405
405
405
408
408
408
408
408
410
410
410
410
410
410
396
396
396
396
396
415
415
415
415
415
406
406
406
406
406
406
404
404
404
404
404
418
418
418
418
418
408
408
408
408
408
408
416
416
416
416
416
404
404
404
404
404
419
419
419
419
419
419
406
406
406
406
406
412
412
412
412
412
407
407
407
407
407
407
405
405
405
405
405
419
419
419
419
419
406
406
406
406
406
406
411
411
411
411
411
395
395
395
395
395
413
413
413
413
413
413
395
395
395
395
395
401
401
401
401
401
404
404
404
404
404
404
401
401
401
401
401
415
415
415
415
415
409
409
409
409
409
409
410
410
410
410
410
413
413
413
413
413
398
398
398
398
398
398
414
414
414
414
414
399
399
399
399
399
402
402
402
402
402
402
397
397
397
397
397
400
400
400
400
400
395
395
395
395
395
395
406
406
406
406
406
401
401
401
401
401
422
422
422
422
422
422
391
391
391
391
391
390
390
390
390
390
412
412
412
412
412
412
408
408
408
408
408
403
403
403
403
403
415
415
415
415
415
415
400
400
400
400
400
411
411
411
411
411
401
401
401
401
401
401
404
404
404
404
404
388
388
388
388
388
403
403
403
403
403
403
398
398
398
398
398
408
408
408
408
408
406
406
406
406
406
406
387
387
387
387
387
404
404
404
404
404
401
401
401
401
401
401
414
414
414
414
414
399
399
399
399
399
394
394
394
394
394
394
394
394
394
394
394
393
393
393
393
393
409
409
409
409
409
409
406
406
406
406
406
411
411
411
411
411
394
394
394
394
394
394
407
407
407
407
407
395
395
395
395
395
414
414
414
414
414
414
426
426
426
426
426
412
412
412
412
412
395
395
395
395
395
395
397
397
397
397
397
419
419
419
419
419
414
414
414
414
414
414
425
425
425
425
425
406
406
406
406
406
412
412
412
412
412
412
399
399
399
399
399
405
405
405
405
405
392
392
392
392
392
392
391
391
391
391
391
407
407
407
407
407
400
400
400
400
400
400
391
391
391
391
391
380
380
380
380
380
397
397
397
397
397
397
403
403
403
403
403
414
414
414
414
414
409
409
409
409
409
409
406
406
406
406
406
399
399
399
399
399
399
399
399
399
399
399
401
401
401
401
401
395
395
395
395
395
406
406
406
406
406
406
405
405
405
405
405
406
406
406
406
406
404
404
404
404
404
404
407
407
407
407
407
410
410
410
410
410
384
384
384
384
384
384
404
404
404
404
404
414
414
414
414
414
394
394
394
394
394
394
421
421
421
421
421
392
392
392
392
392
394
394
394
394
394
394
389
389
389
389
389
384
384
384
384
384
382
382
382
382
382
382
399
399
399
399
399
396
396
396
396
396
390
390
390
390
390
390
385
385
385
385
385
384
384
384
384
384
392
392
392
392
392
392
376
376
376
376
376
372
372
372
372
372
360
360
360
360
360
360
397
397
397
397
397
366
366
366
366
366
368
368
368
368
368
368
370
370
370
370
370
371
371
371
371
371
379
379
379
379
379
379
388
388
388
388
388
398
398
398
398
398
391
391
391
391
391
391
401
401
401
401
401
405
405
405
405
405
390
390
390
390
390
390
395
395
395
395
395
402
402
402
402
402
383
383
383
383
383
383
387
387
387
387
387
395
395
395
395
395
412
412
412
412
412
412
398
398
398
398
398
424
424
424
424
424
427
427
427
427
427
427
436
436
436
436
436
460
460
460
460
460
447
447
447
447
447
447
463
463
463
463
463
470
470
470
470
470
451
451
451
451
451
451
466
466
466
466
466
468
468
468
468
468
483
483
483
483
483
483
450
450
450
450
450
442
442
442
442
442
460
460
460
460
460
460
467
467
467
467
467
507
507
507
507
507
548
548
548
548
548
548
589
589
589
589
589
587
587
587
587
587
599
599
599
599
599
599
567
567
567
567
567
527
527
527
527
527
468
468
468
468
468
468
450
450
450
450
450
428
428
428
428
428
392
392
392
392
392
392
406
406
406
406
406
388
388
388
388
388
415
415
415
415
415
415
410
410
410
410
410
410
410
410
410
410
419
419
419
419
419
419
439
439
439
439
439
450
450
450
450
450
436
436
436
436
436
436
441
441
441
441
441
417
417
417
417
417
442
442
442
442
442
442
449
449
449
449
449
452
452
452
452
452
448
448
448
448
448
448
446
446
446
446
446
427
427
427
427
427
421
421
421
421
421
421
398
398
398
398
398
419
419
419
419
419
404
404
404
404
404
404
409
409
409
409
409
399
399
399
399
399
405
405
405
405
405
405
405
405
405
405
405
395
395
395
395
395
395
395
395
395
395
395
399
399
399
399
399
384
384
384
384
384
411
411
411
411
411
411
408
408
408
408
408
434
434
434
434
434
434
434
434
434
434
434
440
440
440
440
440
404
404
404
404
404
426
426
426
426
426
426
418
418
418
418
418
424
424
424
424
424
412
412
412
412
412
412
441
441
441
441
441
422
422
422
422
422
426
426
426
426
426
426
447
447
447
447
447
448
448
448
448
448
472
472
472
472
472
472
472
472
472
472
472
490
490
490
490
490
559
559
559
559
559
559
530
530
530
530
530
554
554
554
554
554
584
584
584
584
584
584
566
566
566
566
566
551
551
551
551
551
490
490
490
490
490
490
449
449
449
449
449
435
435
435
435
435
439
439
439
439
439
439
404
404
404
404
404
419
419
419
419
419
402
402
402
402
402
402
397
397
397
397
397
401
401
401
401
401
385
385
385
385
385
385
373
373
373
373
373
369
369
369
369
369
353
353
353
353
353
353
351
351
351
351
351
336
336
336
336
336
313
313
313
313
313
313
334
334
334
334
334
332
332
332
332
332
323
323
323
323
323
323
334
334
334
334
334
340
340
340
340
340
359
359
359
359
359
359
368
368
368
368
368
388
388
388
388
388
444
444
444
444
444
444
538
538
538
538
538
864
864
864
864
864
1293
1293
1293
1293
1293
1293
1665
1665
1665
1665
1665
1955
1955
1955
1955
1955
2215
2215
2215
2215
2215
2215
2235
2235
2235
2235
2235
2293
2293
2293
2293
2293
2156
2156
2156
2156
2156
2156
1890
1890
1890
1890
1890
1584
1584
1584
1584
1584
1099
1099
1099
1099
1099
1099
789
789
789
789
789
495
495
495
495
495
426
426
426
426
426
426
389
389
389
389
389
362
362
362
362
362
357
357
357
357
357
357
351
351
351
351
351
360
360
360
360
360
361
361
361
361
361
361
362
362
362
362
362
370
370
370
370
370
384
384
384
384
384
384
361
361
361
361
361
391
391
391
391
391
403
403
403
403
403
403
428
428
428
428
428
440
440
440
440
440
511
511
511
511
511
511
599
599
599
599
599
659
659
659
659
659
670
670
670
670
670
670
645
645
645
645
645
592
592
592
592
592
503
503
503
503
503
503
477
477
477
477
477
424
424
424
424
424
414
414
414
414
414
414
414
414
414
414
414
403
403
403
403
403
394
394
394
394
394
394
388
388
388
388
388
405
405
405
405
405
399
399
399
399
399
399
406
406
406
406
406
427
427
427
427
427
426
426
426
426
426
426
424
424
424
424
424
416
416
416
416
416
403
403
403
403
403
403
407
407
407
407
407
395
395
395
395
395
379
379
379
379
379
379
354
354
354
354
354
333
333
333
333
333
337
337
337
337
337
337
349
349
349
349
349
328
328
328
328
328
344
344
344
344
344
344
354
354
354
354
354
356
356
356
356
356
359
359
359
359
359
359
366
366
366
366
366
387
387
387
387
387
405
405
405
405
405
405
412
412
412
412
412
422
422
422
422
422
441
441
441
441
441
441
500
500
500
500
500
569
569
569
569
569
692
692
692
692
692
692
813
813
813
813
813
920
920
920
920
920
947
947
947
947
947
947
869
869
869
869
869
708
708
708
708
708
516
516
516
516
516
516
409
409
409
409
409
366
366
366
366
366
350
350
350
350
350
350
352
352
352
352
352
340
340
340
340
340
349
349
349
349
349
349
337
337
337
337
337
360
360
360
360
360
369
369
369
369
369
369
389
389
389
389
389
415
415
415
415
415
413
413
413
413
413
413
414
414
414
414
414
400
400
400
400
400
381
381
381
381
381
381
358
358
358
358
358
353
353
353
353
353
332
332
332
332
332
332
323
323
323
323
323
333
333
333
333
333
336
336
336
336
336
336
340
340
340
340
340
356
356
356
356
356
343
343
343
343
343
343
356
356
356
356
356
393
393
393
393
393
370
370
370
370
370
370
399
399
399
399
399
393
393
393
393
393
390
390
390
390
390
390
398
398
398
398
398
390
390
390
390
390
386
386
386
386
386
386
434
434
434
434
434
435
435
435
435
435
442
442
442
442
442
442
488
488
488
488
488
493
493
493
493
493
470
470
470
470
470
470
467
467
467
467
467
441
441
441
441
441
401
401
401
401
401
401
385
385
385
385
385
369
369
369
369
369
358
358
358
358
358
358
366
366
366
366
366
354
354
354
354
354
357
357
357
357
357
357
368
368
368
368
368
367
367
367
367
367
381
381
381
381
381
381
387
387
387
387
387
381
381
381
381
381
395
395
395
395
395
395
388
388
388
388
388
389
389
389
389
389
396
396
396
396
396
396
396
396
396
396
396
411
411
411
411
411
414
414
414
414
414
414
408
408
408
408
408
398
398
398
398
398
386
386
386
386
386
386
377
377
377
377
377
391
391
391
391
391
386
386
386
386
386
386
401
401
401
401
401
393
393
393
393
393
426
426
426
426
426
426
441
441
441
441
441
448
448
448
448
448
470
470
470
470
470
470
498
498
498
498
498
513
513
513
513
513
527
527
527
527
527
527
567
567
567
567
567
565
565
565
565
565
563
563
563
563
563
563
599
599
599
599
599
613
613
613
613
613
604
604
604
604
604
604
574
574
574
574
574
553
553
553
553
553
507
507
507
507
507
507
454
454
454
454
454
443
443
443
443
443
418
418
418
418
418
418
371
371
371
371
371
372
372
372
372
372
364
364
364
364
364
364
358
358
358
358
358
374
374
374
374
374
353
353
353
353
353
353
368
368
368
368
368
372
372
372
372
372
385
385
385
385
385
385
430
430
430
430
430
432
432
432
432
432
462
462
462
462
462
462
444
444
444
444
444
487
487
487
487
487
484
484
484
484
484
484
456
456
456
456
456
456
456
456
456
456
445
445
445
445
445
445
425
425
425
425
425
419
419
419
419
419
401
401
401
401
401
401
426
426
426
426
426
385
385
385
385
385
384
384
384
384
384
384
383
383
383
383
383
399
399
399
399
399
406
406
406
406
406
406
396
396
396
396
396
407
407
407
407
407
405
405
405
405
405
405
427
427
427
427
427
410
410
410
410
410
445
445
445
445
445
445
450
450
450
450
450
447
447
447
447
447
461
461
461
461
461
461
477
477
477
477
477
512
512
512
512
512
470
470
470
470
470
470
505
505
505
505
505
473
473
473
473
473
455
455
455
455
455
455
439
439
439
439
439
467
467
467
467
467
446
446
446
446
446
446
447
447
447
447
447
435
435
435
435
435
426
426
426
426
426
426
418
418
418
418
418
401
401
401
401
401
372
372
372
372
372
372
392
392
392
392
392
379
379
379
379
379
379
379
379
379
379
379
390
390
390
390
390
412
412
412
412
412
424
424
424
424
424
424
421
421
421
421
421
416
416
416
416
416
451
451
451
451
451
451
444
444
444
444
444
463
463
463
463
463
490
490
490
490
490
490
459
459
459
459
459
443
443
443
443
443
439
439
439
439
439
439
419
419
419
419
419
396
396
396
396
396
383
383
383
383
383
383
401
401
401
401
401
386
386
386
386
386
387
387
387
387
387
387
414
414
414
414
414
427
427
427
427
427
481
481
481
481
481
481
490
490
490
490
490
538
538
538
538
538
567
567
567
567
567
567
618
618
618
618
618
569
569
569
569
569
558
558
558
558
558
558
489
489
489
489
489
485
485
485
485
485
420
420
420
420
420
420
403
403
403
403
403
392
392
392
392
392
381
381
381
381
381
381
383
383
383
383
383
358
358
358
358
358
371
371
371
371
371
371
379
379
379
379
379
351
351
351
351
351
369
369
369
369
369
369
395
395
395
395
395
400
400
400
400
400
403
403
403
403
403
403
408
408
408
408
408
445
445
445
445
445
453
453
453
453
453
453
440
440
440
440
440
457
457
457
457
457
473
473
473
473
473
473
470
470
470
470
470
463
463
463
463
463
479
479
479
479
479
479
469
469
469
469
469
475
475
475
475
475
410
410
410
410
410
410
425
425
425
425
425
402
402
402
402
402
378
378
378
378
378
378
373
373
373
373
373
356
356
356
356
356
342
342
342
342
342
342
353
353
353
353
353
337
337
337
337
337
359
359
359
359
359
359
366
366
366
366
366
386
386
386
386
386
391
391
391
391
391
391
412
412
412
412
412
451
451
451
451
451
475
475
475
475
475
475
486
486
486
486
486
467
467
467
467
467
439
439
439
439
439
439
413
413
413
413
413
404
404
404
404
404
388
388
388
388
388
388
390
390
390
390
390
384
384
384
384
384
376
376
376
376
376
376
384
384
384
384
384
385
385
385
385
385
394
394
394
394
394
394
397
397
397
397
397
398
398
398
398
398
395
395
395
395
395
395
386
386
386
386
386
374
374
374
374
374
375
375
375
375
375
375
370
370
370
370
370
390
390
390
390
390
368
368
368
368
368
368
371
371
371
371
371
380
380
380
380
380
387
387
387
387
387
387
394
394
394
394
394
389
389
389
389
389
398
398
398
398
398
398
397
397
397
397
397
410
410
410
410
410
421
421
421
421
421
421
392
392
392
392
392
404
404
404
404
404
390
390
390
390
390
390
365
365
365
365
365
380
380
380
380
380
390
390
390
390
390
390
382
382
382
382
382
383
383
383
383
383
371
371
371
371
371
371
372
372
372
372
372
375
375
375
375
375
365
365
365
365
365
365
387
387
387
387
387
390
390
390
390
390
383
383
383
383
383
383
403
403
403
403
403
403
403
403
403
403
406
406
406
406
406
406
395
395
395
395
395
412
412
412
412
412
386
386
386
386
386
386
423
423
423
423
423
440
440
440
440
440
423
423
423
423
423
423
468
468
468
468
468
441
441
441
441
441
495
495
495
495
495
495
447
447
447
447
447
438
438
438
438
438
442
442
442
442
442
442
477
477
477
477
477
441
441
441
441
441
467
467
467
467
467
467
447
447
447
447
447
454
454
454
454
454
435
435
435
435
435
435
434
434
434
434
434
414
414
414
414
414
397
397
397
397
397
397
397
397
397
397
397
405
405
405
405
405
402
402
402
402
402
402
412
412
412
412
412
407
407
407
407
407
406
406
406
406
406
406
412
412
412
412
412
445
445
445
445
445
417
417
417
417
417
417
448
448
448
448
448
442
442
442
442
442
433
433
433
433
433
433
423
423
423
423
423
427
427
427
427
427
412
412
412
412
412
412
416
416
416
416
416
406
406
406
406
406
417
417
417
417
417
417
402
402
402
402
402
404
404
404
404
404
408
408
408
408
408
408
411
411
411
411
411
420
420
420
420
420
420
420
420
420
420
420
412
412
412
412
412
424
424
424
424
424
426
426
426
426
426
426
442
442
442
442
442
424
424
424
424
424
414
414
414
414
414
414
413
413
413
413
413
417
417
417
417
417
423
423
423
423
423
423
416
416
416
416
416
411
411
411
411
411
426
426
426
426
426
426
429
429
429
429
429
410
410
410
410
410
427
427
427
427
427
427
432
432
432
432
432
428
428
428
428
428
423
423
423
423
423
423
402
402
402
402
402
407
407
407
407
407
385
385
385
385
385
385
402
402
402
402
402
381
381
381
381
381
373
373
373
373
373
373
376
376
376
376
376
379
379
379
379
379
375
375
375
375
375
375
395
395
395
395
395
395
395
395
395
395
414
414
414
414
414
414
404
404
404
404
404
423
423
423
423
423
412
412
412
412
412
412
432
432
432
432
432
469
469
469
469
469
425
425
425
425
425
425
427
427
427
427
427
418
418
418
418
418
431
431
431
431
431
431
420
420
420
420
420
425
425
425
425
425
440
440
440
440
440
440
421
421
421
421
421
454
454
454
454
454
447
447
447
447
447
447
472
472
472
472
472
446
446
446
446
446
466
466
466
466
466
466
448
448
448
448
448
436
436
436
436
436
414
414
414
414
414
414
419
419
419
419
419
410
410
410
410
410
374
374
374
374
374
374
406
406
406
406
406
396
396
396
396
396
427
427
427
427
427
427
405
405
405
405
405
417
417
417
417
417
432
432
432
432
432
432
449
449
449
449
449
424
424
424
424
424
458
458
458
458
458
458
439
439
439
439
439
439
439
439
439
439
418
418
418
418
418
418
411
411
411
411
411
416
416
416
416
416
428
428
428
428
428
428
411
411
411
411
411
414
414
414
414
414
412
412
412
412
412
412
384
384
384
384
384
424
424
424
424
424
436
436
436
436
436
436
423
423
423
423
423
416
416
416
416
416
407
407
407
407
407
407
416
416
416
416
416
390
390
390
390
390
400
400
400
400
400
400
398
398
398
398
398
411
411
411
411
411
393
393
393
393
393
393
400
400
400
400
400
406
406
406
406
406
407
407
407
407
407
407
410
410
410
410
410
411
411
411
411
411
407
407
407
407
407
407
429
429
429
429
429
399
399
399
399
399
417
417
417
417
417
417
400
400
400
400
400
384
384
384
384
384
408
408
408
408
408
408
400
400
400
400
400
410
410
410
410
410
421
421
421
421
421
421
396
396
396
396
396
408
408
408
408
408
397
397
397
397
397
397
394
394
394
394
394
406
406
406
406
406
418
418
418
418
418
418
427
427
427
427
427
384
384
384
384
384
397
397
397
397
397
397
381
381
381
381
381
388
388
388
388
388
402
402
402
402
402
402
414
414
414
414
414
433
433
433
433
433
412
412
412
412
412
412
437
437
437
437
437
416
416
416
416
416
409
409
409
409
409
409
408
408
408
408
408
398
398
398
398
398
381
381
381
381
381
381
388
388
388
388
388
380
380
380
380
380
397
397
397
397
397
397
390
390
390
390
390
382
382
382
382
382
386
386
386
386
386
386
372
372
372
372
372
371
371
371
371
371
377
377
377
377
377
377
358
358
358
358
358
376
376
376
376
376
375
375
375
375
375
375
375
375
375
375
375
399
399
399
399
399
401
401
401
401
401
401
412
412
412
412
412
401
401
401