898
903
903
903
903
903
904
904
904
904
904
904
905
905
905
905
905
899
899
899
899
899
901
901
901
901
901
901
888
888
888
888
888
902
902
902
902
902
903
903
903
903
903
903
902
902
902
902
902
908
908
908
908
908
900
900
900
900
900
900
898
898
898
898
898
898
898
898
898
898
901
901
901
901
901
901
898
898
898
898
898
905
905
905
905
905
906
906
906
906
906
906
901
901
901
901
901
908
908
908
908
908
902
902
902
902
902
902
900
900
900
900
900
904
904
904
904
904
896
896
896
896
896
896
906
906
906
906
906
902
902
902
902
902
908
908
908
908
908
908
913
913
913
913
913
913
913
913
913
913
896
896
896
896
896
896
899
899
899
899
899
899
899
899
899
899
901
901
901
901
901
901
905
905
905
905
905
906
906
906
906
906
898
898
898
898
898
898
898
898
898
898
898
910
910
910
910
910
917
917
917
917
917
917
904
904
904
904
904
904
904
904
904
904
898
898
898
898
898
898
901
901
901
901
901
903
903
903
903
903
904
904
904
904
904
904
902
902
902
902
902
904
904
904
904
904
908
908
908
908
908
908
904
904
904
904
904
910
910
910
910
910
903
903
903
903
903
903
904
904
904
904
904
906
906
906
906
906
901
901
901
901
901
901
900
900
900
900
900
910
910
910
910
910
895
895
895
895
895
895
892
892
892
892
892
898
898
898
898
898
905
905
905
905
905
905
903
903
903
903
903
906
906
906
906
906
899
899
899
899
899
899
900
900
900
900
900
911
911
911
911
911
911
911
911
911
911
911
911
911
911
911
911
904
904
904
904
904
910
910
910
910
910
910
910
910
910
910
910
904
904
904
904
904
901
901
901
901
901
901
893
893
893
893
893
895
895
895
895
895
908
908
908
908
908
908
908
908
908
908
908
902
902
902
902
902
907
907
907
907
907
907
896
896
896
896
896
904
904
904
904
904
905
905
905
905
905
905
908
908
908
908
908
899
899
899
899
899
904
904
904
904
904
904
903
903
903
903
903
902
902
902
902
902
907
907
907
907
907
907
907
907
907
907
907
902
902
902
902
902
911
911
911
911
911
911
899
899
899
899
899
904
904
904
904
904
902
902
902
902
902
902
903
903
903
903
903
906
906
906
906
906
901
901
901
901
901
901
891
891
891
891
891
903
903
903
903
903
906
906
906
906
906
906
909
909
909
909
909
900
900
900
900
900
911
911
911
911
911
911
905
905
905
905
905
903
903
903
903
903
909
909
909
909
909
909
908
908
908
908
908
900
900
900
900
900
901
901
901
901
901
901
896
896
896
896
896
901
901
901
901
901
898
898
898
898
898
898
903
903
903
903
903
901
901
901
901
901
906
906
906
906
906
906
906
906
906
906
906
914
914
914
914
914
899
899
899
899
899
899
905
905
905
905
905
897
897
897
897
897
904
904
904
904
904
904
902
902
902
902
902
905
905
905
905
905
906
906
906
906
906
906
900
900
900
900
900
911
911
911
911
911
894
894
894
894
894
894
898
898
898
898
898
900
900
900
900
900
912
912
912
912
912
912
900
900
900
900
900
908
908
908
908
908
908
908
908
908
908
908
899
899
899
899
899
898
898
898
898
898
901
901
901
901
901
901
910
910
910
910
910
896
896
896
896
896
903
903
903
903
903
903
902
902
902
902
902
906
906
906
906
906
908
908
908
908
908
908
897
897
897
897
897
907
907
907
907
907
903
903
903
903
903
903
892
892
892
892
892
903
903
903
903
903
901
901
901
901
901
901
908
908
908
908
908
903
903
903
903
903
903
903
903
903
903
903
900
900
900
900
900
901
901
901
901
901
902
902
902
902
902
902
900
900
900
900
900
900
900
900
900
900
904
904
904
904
904
904
904
904
904
904
904
901
901
901
901
901
901
901
901
901
901
901
896
896
896
896
896
902
902
902
902
902
898
898
898
898
898
898
903
903
903
903
903
904
904
904
904
904
912
912
912
912
912
912
905
905
905
905
905
901
901
901
901
901
902
902
902
902
902
902
911
911
911
911
911
903
903
903
903
903
904
904
904
904
904
904
901
901
901
901
901
903
903
903
903
903
903
903
903
903
903
903
909
909
909
909
909
910
910
910
910
910
899
899
899
899
899
899
899
899
899
899
899
907
907
907
907
907
903
903
903
903
903
903
909
909
909
909
909
895
895
895
895
895
899
899
899
899
899
899
904
904
904
904
904
903
903
903
903
903
909
909
909
909
909
909
900
900
900
900
900
910
910
910
910
910
915
915
915
915
915
915
898
898
898
898
898
901
901
901
901
901
907
907
907
907
907
907
913
913
913
913
913
898
898
898
898
898
901
901
901
901
901
901
909
909
909
909
909
894
894
894
894
894
904
904
904
904
904
904
904
904
904
904
904
897
897
897
897
897
904
904
904
904
904
904
900
900
900
900
900
908
908
908
908
908
902
902
902
902
902
902
898
898
898
898
898
895
895
895
895
895
893
893
893
893
893
893
901
901
901
901
901
910
910
910
910
910
906
906
906
906
906
906
905
905
905
905
905
903
903
903
903
903
892
892
892
892
892
892
908
908
908
908
908
898
898
898
898
898
909
909
909
909
909
909
909
909
909
909
909
899
899
899
899
899
909
909
909
909
909
909
895
895
895
895
895
894
894
894
894
894
919
919
919
919
919
919
903
903
903
903
903
910
910
910
910
910
912
912
912
912
912
912
905
905
905
905
905
903
903
903
903
903
915
915
915
915
915
915
901
901
901
901
901
907
907
907
907
907
901
901
901
901
901
901
897
897
897
897
897
892
892
892
892
892
904
904
904
904
904
904
916
916
916
916
916
902
902
902
902
902
894
894
894
894
894
894
918
918
918
918
918
888
888
888
888
888
902
902
902
902
902
902
907
907
907
907
907
905
905
905
905
905
903
903
903
903
903
903
901
901
901
901
901
903
903
903
903
903
899
899
899
899
899
899
913
913
913
913
913
900
900
900
900
900
903
903
903
903
903
903
894
894
894
894
894
902
902
902
902
902
890
890
890
890
890
890
891
891
891
891
891
906
906
906
906
906
901
901
901
901
901
901
912
912
912
912
912
912
912
912
912
912
898
898
898
898
898
898
905
905
905
905
905
903
903
903
903
903
906
906
906
906
906
906
902
902
902
902
902
912
912
912
912
912
901
901
901
901
901
901
906
906
906
906
906
907
907
907
907
907
901
901
901
901
901
901
912
912
912
912
912
910
910
910
910
910
910
910
910
910
910
910
905
905
905
905
905
906
906
906
906
906
900
900
900
900
900
900
892
892
892
892
892
904
904
904
904
904
892
892
892
892
892
892
911
911
911
911
911
896
896
896
896
896
905
905
905
905
905
905
908
908
908
908
908
903
903
903
903
903
903
903
903
903
903
903
904
904
904
904
904
918
918
918
918
918
901
901
901
901
901
901
900
900
900
900
900
900
900
900
900
900
900
900
900
900
900
900
906
906
906
906
906
909
909
909
909
909
902
902
902
902
902
902
907
907
907
907
907
902
902
902
902
902
900
900
900
900
900
900
906
906
906
906
906
896
896
896
896
896
902
902
902
902
902
902
899
899
899
899
899
897
897
897
897
897
896
896
896
896
896
896
893
893
893
893
893
902
902
902
902
902
901
901
901
901
901
901
908
908
908
908
908
889
889
889
889
889
911
911
911
911
911
911
893
893
893
893
893
909
909
909
909
909
903
903
903
903
903
903
903
903
903
903
903
906
906
906
906
906
897
897
897
897
897
897
907
907
907
907
907
898
898
898
898
898
906
906
906
906
906
906
910
910
910
910
910
893
893
893
893
893
895
895
895
895
895
895
893
893
893
893
893
917
917
917
917
917
902
902
902
902
902
902
898
898
898
898
898
903
903
903
903
903
908
908
908
908
908
908
903
903
903
903
903
894
894
894
894
894
894
894
894
894
894
894
903
903
903
903
903
899
899
899
899
899
912
912
912
912
912
912
893
893
893
893
893
897
897
897
897
897
900
900
900
900
900
900
908
908
908
908
908
899
899
899
899
899
892
892
892
892
892
892
899
899
899
899
899
909
909
909
909
909
906
906
906
906
906
906
899
899
899
899
899
893
893
893
893
893
893
893
893
893
893
893
895
895
895
895
895
888
888
888
888
888
912
912
912
912
912
912
902
902
902
902
902
894
894
894
894
894
900
900
900
900
900
900
908
908
908
908
908
897
897
897
897
897
898
898
898
898
898
898
901
901
901
901
901
906
906
906
906
906
899
899
899
899
899
899
899
899
899
899
899
888
888
888
888
888
905
905
905
905
905
905
906
906
906
906
906
892
892
892
892
892
893
893
893
893
893
893
909
909
909
909
909
908
908
908
908
908
901
901
901
901
901
901
912
912
912
912
912
908
908
908
908
908
903
903
903
903
903
903
890
890
890
890
890
910
910
910
910
910
893
893
893
893
893
893
895
895
895
895
895
900
900
900
900
900
909
909
909
909
909
909
903
903
903
903
903
908
908
908
908
908
914
914
914
914
914
914
911
911
911
911
911
890
890
890
890
890
903
903
903
903
903
903
903
903
903
903
903
899
899
899
899
899
917
917
917
917
917
917
895
895
895
895
895
902
902
902
902
902
913
913
913
913
913
913
891
891
891
891
891
896
896
896
896
896
911
911
911
911
911
911
896
896
896
896
896
909
909
909
909
909
890
890
890
890
890
890
893
893
893
893
893
905
905
905
905
905
902
902
902
902
902
902
905
905
905
905
905
907
907
907
907
907
902
902
902
902
902
902
904
904
904
904
904
911
911
911
911
911
896
896
896
896
896
896
903
903
903
903
903
899
899
899
899
899
902
902
902
902
902
902
900
900
900
900
900
897
897
897
897
897
890
890
890
890
890
890
899
899
899
899
899
902
902
902
902
902
898
898
898
898
898
898
893
893
893
893
893
892
892
892
892
892
903
903
903
903
903
903
899
899
899
899
899
903
903
903
903
903
898
898
898
898
898
898
893
893
893
893
893
892
892
892
892
892
896
896
896
896
896
896
899
899
899
899
899
901
901
901
901
901
898
898
898
898
898
898
881
881
881
881
881
893
893
893
893
893
908
908
908
908
908
908
901
901
901
901
901
900
900
900
900
900
912
912
912
912
912
912
893
893
893
893
893
900
900
900
900
900
898
898
898
898
898
898
907
907
907
907
907
896
896
896
896
896
900
900
900
900
900
900
902
902
902
902
902
894
894
894
894
894
890
890
890
890
890
890
899
899
899
899
899
900
900
900
900
900
901
901
901
901
901
901
907
907
907
907
907
890
890
890
890
890
897
897
897
897
897
897
905
905
905
905
905
886
886
886
886
886
898
898
898
898
898
898
902
902
902
902
902
889
889
889
889
889
885
885
885
885
885
885
910
910
910
910
910
896
896
896
896
896
890
890
890
890
890
890
895
895
895
895
895
904
904
904
904
904
900
900
900
900
900
900
907
907
907
907
907
896
896
896
896
896
889
889
889
889
889
889
899
899
899
899
899
891
891
891
891
891
894
894
894
894
894
894
902
902
902
902
902
900
900
900
900
900
893
893
893
893
893
893
896
896
896
896
896
896
896
896
896
896
883
883
883
883
883
883
904
904
904
904
904
905
905
905
905
905
904
904
904
904
904
904
908
908
908
908
908
883
883
883
883
883
902
902
902
902
902
902
898
898
898
898
898
893
893
893
893
893
891
891
891
891
891
891
900
900
900
900
900
884
884
884
884
884
904
904
904
904
904
904
889
889
889
889
889
888
888
888
888
888
890
890
890
890
890
890
900
900
900
900
900
889
889
889
889
889
893
893
893
893
893
893
902
902
902
902
902
887
887
887
887
887
902
902
902
902
902
902
894
894
894
894
894
898
898
898
898
898
889
889
889
889
889
889
898
898
898
898
898
895
895
895
895
895
876
876
876
876
876
876
895
895
895
895
895
896
896
896
896
896
893
893
893
893
893
893
890
890
890
890
890
895
895
895
895
895
878
878
878
878
878
878
888
888
888
888
888
887
887
887
887
887
876
876
876
876
876
876
891
891
891
891
891
889
889
889
889
889
877
877
877
877
877
877
868
868
868
868
868
886
886
886
886
886
889
889
889
889
889
889
884
884
884
884
884
879
879
879
879
879
886
886
886
886
886
886
889
889
889
889
889
879
879
879
879
879
880
880
880
880
880
880
886
886
886
886
886
883
883
883
883
883
881
881
881
881
881
881
884
884
884
884
884
871
871
871
871
871
873
873
873
873
873
873
865
865
865
865
865
869
869
869
869
869
871
871
871
871
871
871
871
871
871
871
871
860
860
860
860
860
870
870
870
870
870
870
875
875
875
875
875
864
864
864
864
864
871
871
871
871
871
871
880
880
880
880
880
879
879
879
879
879
871
871
871
871
871
871
894
894
894
894
894
895
895
895
895
895
886
886
886
886
886
886
891
891
891
891
891
886
886
886
886
886
876
876
876
876
876
876
890
890
890
890
890
881
881
881
881
881
877
877
877
877
877
877
880
880
880
880
880
880
880
880
880
880
869
869
869
869
869
869
875
875
875
875
875
884
884
884
884
884
870
870
870
870
870
870
867
867
867
867
867
861
861
861
861
861
857
857
857
857
857
857
866
866
866
866
866
881
881
881
881
881
867
867
867
867
867
867
866
866
866
866
866
860
860
860
860
860
859
859
859
859
859
859
872
872
872
872
872
874
874
874
874
874
881
881
881
881
881
881
878
878
878
878
878
884
884
884
884
884
881
881
881
881
881
881
902
902
902
902
902
899
899
899
899
899
899
899
899
899
899
899
903
903
903
903
903
905
905
905
905
905
898
898
898
898
898
898
885
885
885
885
885
893
893
893
893
893
875
875
875
875
875
875
885
885
885
885
885
879
879
879
879
879
868
868
868
868
868
868
868
868
868
868
868
867
867
867
867
867
871
871
871
871
871
871
865
865
865
865
865
846
846
846
846
846
861
861
861
861
861
861
861
861
861
861
861
870
870
870
870
870
865
865
865
865
865
865
862
862
862
862
862
853
853
853
853
853
863
863
863
863
863
863
867
867
867
867
867
851
851
851
851
851
861
861
861
861
861
861
861
861
861
861
861
852
852
852
852
852
852
852
852
852
852
852
853
853
853
853
853
858
858
858
858
858
846
846
846
846
846
846
846
846
846
846
846
848
848
848
848
848
837
837
837
837
837
837
840
840
840
840
840
837
837
837
837
837
833
833
833
833
833
833
826
826
826
826
826
830
830
830
830
830
804
804
804
804
804
804
797
797
797
797
797
797
797
797
797
797
785
785
785
785
785
785
779
779
779
779
779
777
777
777
777
777
754
754
754
754
754
754
748
748
748
748
748
741
741
741
741
741
747
747
747
747
747
747
733
733
733
733
733
737
737
737
737
737
741
741
741
741
741
741
768
768
768
768
768
766
766
766
766
766
777
777
777
777
777
777
805
805
805
805
805
817
817
817
817
817
809
809
809
809
809
809
811
811
811
811
811
818
818
818
818
818
817
817
817
817
817
817
826
826
826
826
826
834
834
834
834
834
850
850
850
850
850
850
850
850
850
850
850
883
883
883
883
883
905
905
905
905
905
905
941
941
941
941
941
965
965
965
965
965
980
980
980
980
980
980
1008
1008
1008
1008
1008
1024
1024
1024
1024
1024
1042
1042
1042
1042
1042
1042
1050
1050
1050
1050
1050
1044
1044
1044
1044
1044
1045
1045
1045
1045
1045
1045
1055
1055
1055
1055
1055
1055
1055
1055
1055
1055
1061
1061
1061
1061
1061
1061
1087
1087
1087
1087
1087
1105
1105
1105
1105
1105
1150
1150
1150
1150
1150
1150
1175
1175
1175
1175
1175
1216
1216
1216
1216
1216
1238
1238
1238
1238
1238
1238
1223
1223
1223
1223
1223
1178
1178
1178
1178
1178
1128
1128
1128
1128
1128
1128
1082
1082
1082
1082
1082
1040
1040
1040
1040
1040
1002
1002
1002
1002
1002
1002
978
978
978
978
978
961
961
961
961
961
953
953
953
953
953
953
931
931
931
931
931
926
926
926
926
926
909
909
909
909
909
909
928
928
928
928
928
933
933
933
933
933
919
919
919
919
919
919
959
959
959
959
959
956
956
956
956
956
985
985
985
985
985
985
1002
1002
1002
1002
1002
991
991
991
991
991
981
981
981
981
981
981
967
967
967
967
967
960
960
960
960
960
952
952
952
952
952
952
930
930
930
930
930
935
935
935
935
935
928
928
928
928
928
928
929
929
929
929
929
925
925
925
925
925
931
931
931
931
931
931
926
926
926
926
926
906
906
906
906
906
893
893
893
893
893
893
893
893
893
893
893
884
884
884
884
884
897
897
897
897
897
897
891
891
891
891
891
898
898
898
898
898
906
906
906
906
906
906
917
917
917
917
917
915
915
915
915
915
938
938
938
938
938
938
947
947
947
947
947
969
969
969
969
969
956
956
956
956
956
956
960
960
960
960
960
973
973
973
973
973
990
990
990
990
990
990
983
983
983
983
983
1005
1005
1005
1005
1005
1032
1032
1032
1032
1032
1032
1064
1064
1064
1064
1064
1094
1094
1094
1094
1094
1141
1141
1141
1141
1141
1141
1164
1164
1164
1164
1164
1208
1208
1208
1208
1208
1204
1204
1204
1204
1204
1204
1203
1203
1203
1203
1203
1182
1182
1182
1182
1182
1155
1155
1155
1155
1155
1155
1109
1109
1109
1109
1109
1083
1083
1083
1083
1083
1070
1070
1070
1070
1070
1070
1047
1047
1047
1047
1047
1034
1034
1034
1034
1034
1005
1005
1005
1005
1005
1005
981
981
981
981
981
927
927
927
927
927
869
869
869
869
869
869
809
809
809
809
809
722
722
722
722
722
654
654
654
654
654
654
590
590
590
590
590
544
544
544
544
544
487
487
487
487
487
487
454
454
454
454
454
416
416
416
416
416
390
390
390
390
390
390
386
386
386
386
386
404
404
404
404
404
415
415
415
415
415
415
455
455
455
455
455
524
524
524
524
524
663
663
663
663
663
663
816
816
816
816
816
1022
1022
1022
1022
1022
1246
1246
1246
1246
1246
1246
1502
1502
1502
1502
1502
1725
1725
1725
1725
1725
1937
1937
1937
1937
1937
1937
2071
2071
2071
2071
2071
2168
2168
2168
2168
2168
2157
2157
2157
2157
2157
2157
2147
2147
2147
2147
2147
2063
2063
2063
2063
2063
1971
1971
1971
1971
1971
1971
1829
1829
1829
1829
1829
1676
1676
1676
1676
1676
1518
1518
1518
1518
1518
1518
1361
1361
1361
1361
1361
1218
1218
1218
1218
1218
1087
1087
1087
1087
1087
1087
959
959
959
959
959
870
870
870
870
870
786
786
786
786
786
786
731
731
731
731
731
669
669
669
669
669
625
625
625
625
625
625
617
617
617
617
617
597
597
597
597
597
617
617
617
617
617
617
659
659
659
659
659
732
732
732
732
732
796
796
796
796
796
796
893
893
893
893
893
955
955
955
955
955
1033
1033
1033
1033
1033
1033
1095
1095
1095
1095
1095
1138
1138
1138
1138
1138
1163
1163
1163
1163
1163
1163
1172
1172
1172
1172
1172
1150
1150
1150
1150
1150
1115
1115
1115
1115
1115
1115
1081
1081
1081
1081
1081
1042
1042
1042
1042
1042
997
997
997
997
997
997
963
963
963
963
963
928
928
928
928
928
897
897
897
897
897
897
896
896
896
896
896
905
905
905
905
905
921
921
921
921
921
921
918
918
918
918
918
931
931
931
931
931
915
915
915
915
915
915
876
876
876
876
876
831
831
831
831
831
770
770
770
770
770
770
691
691
691
691
691
622
622
622
622
622
549
549
549
549
549
549
486
486
486
486
486
459
459
459
459
459
463
463
463
463
463
463
475
475
475
475
475
509
509
509
509
509
574
574
574
574
574
574
638
638
638
638
638
691
691
691
691
691
757
757
757
757
757
757
818
818
818
818
818
863
863
863
863
863
922
922
922
922
922
922
979
979
979
979
979
1063
1063
1063
1063
1063
1136
1136
1136
1136
1136
1136
1231
1231
1231
1231
1231
1323
1323
1323
1323
1323
1377
1377
1377
1377
1377
1377
1377
1377
1377
1377
1377
1372
1372
1372
1372
1372
1296
1296
1296
1296
1296
1296
1203
1203
1203
1203
1203
1102
1102
1102
1102
1102
969
969
969
969
969
969
871
871
871
871
871
788
788
788
788
788
722
722
722
722
722
722
681
681
681
681
681
663
663
663
663
663
659
659
659
659
659
659
672
672
672
672
672
700
700
700
700
700
717
717
717
717
717
717
749
749
749
749
749
753
753
753
753
753
745
745
745
745
745
745
734
734
734
734
734
678
678
678
678
678
618
618
618
618
618
618
572
572
572
572
572
522
522
522
522
522
475
475
475
475
475
475
457
457
457
457
457
464
464
464
464
464
485
485
485
485
485
485
542
542
542
542
542
605
605
605
605
605
664
664
664
664
664
664
712
712
712
712
712
756
756
756
756
756
798
798
798
798
798
798
800
800
800
800
800
818
818
818
818
818
837
837
837
837
837
837
855
855
855
855
855
900
900
900
900
900
933
933
933
933
933
933
957
957
957
957
957
987
987
987
987
987
1023
1023
1023
1023
1023
1023
1023
1023
1023
1023
1023
1059
1059
1059
1059
1059
1045
1045
1045
1045
1045
1045
1027
1027
1027
1027
1027
984
984
984
984
984
932
932
932
932
932
932
866
866
866
866
866
782
782
782
782
782
718
718
718
718
718
718
662
662
662
662
662
624
624
624
624
624
598
598
598
598
598
598
604
604
604
604
604
623
623
623
623
623
652
652
652
652
652
652
711
711
711
711
711
741
741
741
741
741
785
785
785
785
785
785
806
806
806
806
806
822
822
822
822
822
821
821
821
821
821
821
817
817
817
817
817
777
777
777
777
777
763
763
763
763
763
763
746
746
746
746
746
743
743
743
743
743
769
769
769
769
769
769
803
803
803
803
803
857
857
857
857
857
913
913
913
913
913
913
955
955
955
955
955
1005
1005
1005
1005
1005
1045
1045
1045
1045
1045
1045
1075
1075
1075
1075
1075
1098
1098
1098
1098
1098
1116
1116
1116
1116
1116
1116
1141
1141
1141
1141
1141
1139
1139
1139
1139
1139
1156
1156
1156
1156
1156
1156
1168
1168
1168
1168
1168
1182
1182
1182
1182
1182
1209
1209
1209
1209
1209
1209
1222
1222
1222
1222
1222
1237
1237
1237
1237
1237
1238
1238
1238
1238
1238
1238
1231
1231
1231
1231
1231
1174
1174
1174
1174
1174
1112
1112
1112
1112
1112
1112
1045
1045
1045
1045
1045
959
959
959
959
959
883
883
883
883
883
883
791
791
791
791
791
751
751
751
751
751
713
713
713
713
713
713
707
707
707
707
707
701
701
701
701
701
752
752
752
752
752
752
782
782
782
782
782
838
838
838
838
838
895
895
895
895
895
895
929
929
929
929
929
975
975
975
975
975
1002
1002
1002
1002
1002
1002
1006
1006
1006
1006
1006
994
994
994
994
994
987
987
987
987
987
987
970
970
970
970
970
944
944
944
944
944
921
921
921
921
921
921
897
897
897
897
897
903
903
903
903
903
899
899
899
899
899
899
916
916
916
916
916
922
922
922
922
922
921
921
921
921
921
921
946
946
946
946
946
933
933
933
933
933
940
940
940
940
940
940
942
942
942
942
942
925
925
925
925
925
921
921
921
921
921
921
929
929
929
929
929
940
940
940
940
940
966
966
966
966
966
966
1005
1005
1005
1005
1005
1053
1053
1053
1053
1053
1082
1082
1082
1082
1082
1082
1143
1143
1143
1143
1143
1155
1155
1155
1155
1155