396
396
396
396
409
409
409
409
409
408
408
408
408
408
408
410
410
410
410
410
419
419
419
419
419
408
408
408
408
408
408
403
403
403
403
403
415
415
415
415
415
415
415
415
415
415
415
400
400
400
400
400
420
420
420
420
420
415
415
415
415
415
415
419
419
419
419
419
408
408
408
408
408
402
402
402
402
402
402
420
420
420
420
420
415
415
415
415
415
409
409
409
409
409
409
409
409
409
409
409
409
409
409
409
409
410
410
410
410
410
410
398
398
398
398
398
403
403
403
403
403
420
420
420
420
420
420
412
412
412
412
412
412
412
412
412
412
411
411
411
411
411
411
414
414
414
414
414
411
411
411
411
411
408
408
408
408
408
408
408
408
408
408
408
399
399
399
399
399
429
429
429
429
429
429
418
418
418
418
418
428
428
428
428
428
385
385
385
385
385
385
413
413
413
413
413
419
419
419
419
419
416
416
416
416
416
416
391
391
391
391
391
426
426
426
426
426
432
432
432
432
432
432
416
416
416
416
416
411
411
411
411
411
428
428
428
428
428
428
426
426
426
426
426
425
425
425
425
425
421
421
421
421
421
421
419
419
419
419
419
416
416
416
416
416
415
415
415
415
415
415
425
425
425
425
425
433
433
433
433
433
423
423
423
423
423
423
432
432
432
432
432
417
417
417
417
417
401
401
401
401
401
401
442
442
442
442
442
402
402
402
402
402
432
432
432
432
432
432
413
413
413
413
413
431
431
431
431
431
413
413
413
413
413
413
427
427
427
427
427
436
436
436
436
436
428
428
428
428
428
428
438
438
438
438
438
432
432
432
432
432
434
434
434
434
434
434
410
410
410
410
410
447
447
447
447
447
428
428
428
428
428
428
449
449
449
449
449
432
432
432
432
432
438
438
438
438
438
438
417
417
417
417
417
414
414
414
414
414
402
402
402
402
402
402
390
390
390
390
390
372
372
372
372
372
371
371
371
371
371
371
367
367
367
367
367
377
377
377
377
377
360
360
360
360
360
360
370
370
370
370
370
363
363
363
363
363
372
372
372
372
372
372
376
376
376
376
376
388
388
388
388
388
397
397
397
397
397
397
430
430
430
430
430
460
460
460
460
460
459
459
459
459
459
459
463
463
463
463
463
480
480
480
480
480
462
462
462
462
462
462
438
438
438
438
438
433
433
433
433
433
410
410
410
410
410
410
421
421
421
421
421
424
424
424
424
424
420
420
420
420
420
420
410
410
410
410
410
403
403
403
403
403
408
408
408
408
408
408
419
419
419
419
419
430
430
430
430
430
415
415
415
415
415
415
399
399
399
399
399
403
403
403
403
403
406
406
406
406
406
406
408
408
408
408
408
400
400
400
400
400
393
393
393
393
393
393
399
399
399
399
399
395
395
395
395
395
403
403
403
403
403
403
392
392
392
392
392
404
404
404
404
404
419
419
419
419
419
419
371
371
371
371
371
410
410
410
410
410
404
404
404
404
404
404
404
404
404
404
404
413
413
413
413
413
406
406
406
406
406
406
403
403
403
403
403
419
419
419
419
419
393
393
393
393
393
393
384
384
384
384
384
398
398
398
398
398
374
374
374
374
374
374
386
386
386
386
386
379
379
379
379
379
361
361
361
361
361
361
370
370
370
370
370
337
337
337
337
337
366
366
366
366
366
366
336
336
336
336
336
351
351
351
351
351
363
363
363
363
363
363
353
353
353
353
353
361
361
361
361
361
381
381
381
381
381
381
388
388
388
388
388
385
385
385
385
385
399
399
399
399
399
399
408
408
408
408
408
418
418
418
418
418
427
427
427
427
427
427
401
401
401
401
401
395
395
395
395
395
394
394
394
394
394
394
378
378
378
378
378
372
372
372
372
372
354
354
354
354
354
354
362
362
362
362
362
372
372
372
372
372
372
372
372
372
372
372
375
375
375
375
375
416
416
416
416
416
418
418
418
418
418
418
457
457
457
457
457
515
515
515
515
515
580
580
580
580
580
580
766
766
766
766
766
845
845
845
845
845
902
902
902
902
902
902
860
860
860
860
860
703
703
703
703
703
534
534
534
534
534
534
412
412
412
412
412
360
360
360
360
360
338
338
338
338
338
338
317
317
317
317
317
300
300
300
300
300
288
288
288
288
288
288
291
291
291
291
291
302
302
302
302
302
308
308
308
308
308
308
323
323
323
323
323
387
387
387
387
387
1176
1176
1176
1176
1176
1176
2387
2387
2387
2387
2387
2549
2549
2549
2549
2549
2570
2570
2570
2570
2570
2570
2553
2553
2553
2553
2553
2568
2568
2568
2568
2568
2425
2425
2425
2425
2425
2425
1618
1618
1618
1618
1618
445
445
445
445
445
324
324
324
324
324
324
281
281
281
281
281
285
285
285
285
285
285
285
285
285
285
285
289
289
289
289
289
301
301
301
301
301
288
288
288
288
288
288
294
294
294
294
294
316
316
316
316
316
391
391
391
391
391
391
1026
1026
1026
1026
1026
2278
2278
2278
2278
2278
2554
2554
2554
2554
2554
2554
2554
2554
2554
2554
2554
2534
2534
2534
2534
2534
2549
2549
2549
2549
2549
2549
2534
2534
2534
2534
2534
2458
2458
2458
2458
2458
2090
2090
2090
2090
2090
2090
1140
1140
1140
1140
1140
444
444
444
444
444
346
346
346
346
346
346
304
304
304
304
304
305
305
305
305
305
295
295
295
295
295
295
297
297
297
297
297
312
312
312
312
312
311
311
311
311
311
311
376
376
376
376
376
508
508
508
508
508
1077
1077
1077
1077
1077
1077
1605
1605
1605
1605
1605
1878
1878
1878
1878
1878
1814
1814
1814
1814
1814
1814
1449
1449
1449
1449
1449
891
891
891
891
891
439
439
439
439
439
439
354
354
354
354
354
323
323
323
323
323
292
292
292
292
292
292
299
299
299
299
299
290
290
290
290
290
292
292
292
292
292
292
311
311
311
311
311
345
345
345
345
345
535
535
535
535
535
535
1518
1518
1518
1518
1518
2351
2351
2351
2351
2351
2532
2532
2532
2532
2532
2532
2542
2542
2542
2542
2542
2545
2545
2545
2545
2545
2406
2406
2406
2406
2406
2406
1803
1803
1803
1803
1803
879
879
879
879
879
420
420
420
420
420
420
341
341
341
341
341
321
321
321
321
321
309
309
309
309
309
309
303
303
303
303
303
311
311
311
311
311
313
313
313
313
313
313
325
325
325
325
325
347
347
347
347
347
380
380
380
380
380
380
453
453
453
453
453
614
614
614
614
614
804
804
804
804
804
804
833
833
833
833
833
646
646
646
646
646
505
505
505
505
505
505
402
402
402
402
402
371
371
371
371
371
356
356
356
356
356
356
348
348
348
348
348
335
335
335
335
335
343
343
343
343
343
343
349
349
349
349
349
372
372
372
372
372
381
381
381
381
381
381
390
390
390
390
390
396
396
396
396
396
414
414
414
414
414
414
398
398
398
398
398
407
407
407
407
407
395
395
395
395
395
395
396
396
396
396
396
382
382
382
382
382
399
399
399
399
399
399
384
384
384
384
384
433
433
433
433
433
475
475
475
475
475
475
566
566
566
566
566
675
675
675
675
675
804
804
804
804
804
804
788
788
788
788
788
673
673
673
673
673
548
548
548
548
548
548
430
430
430
430
430
406
406
406
406
406
379
379
379
379
379
379
371
371
371
371
371
370
370
370
370
370
350
350
350
350
350
350
368
368
368
368
368
385
385
385
385
385
402
402
402
402
402
402
468
468
468
468
468
519
519
519
519
519
597
597
597
597
597
597
702
702
702
702
702
669
669
669
669
669
586
586
586
586
586
586
506
506
506
506
506
439
439
439
439
439
415
415
415
415
415
415
376
376
376
376
376
349
349
349
349
349
348
348
348
348
348
348
341
341
341
341
341
344
344
344
344
344
351
351
351
351
351
351
360
360
360
360
360
367
367
367
367
367
401
401
401
401
401
401
399
399
399
399
399
404
404
404
404
404
440
440
440
440
440
440
422
422
422
422
422
403
403
403
403
403
385
385
385
385
385
385
369
369
369
369
369
352
352
352
352
352
336
336
336
336
336
336
349
349
349
349
349
342
342
342
342
342
326
326
326
326
326
326
342
342
342
342
342
347
347
347
347
347
364
364
364
364
364
364
396
396
396
396
396
431
431
431
431
431
491
491
491
491
491
491
575
575
575
575
575
561
561
561
561
561
562
562
562
562
562
562
475
475
475
475
475
439
439
439
439
439
385
385
385
385
385
385
382
382
382
382
382
378
378
378
378
378
387
387
387
387
387
387
381
381
381
381
381
394
394
394
394
394
448
448
448
448
448
448
488
488
488
488
488
510
510
510
510
510
568
568
568
568
568
568
567
567
567
567
567
550
550
550
550
550
461
461
461
461
461
461
392
392
392
392
392
372
372
372
372
372
333
333
333
333
333
333
314
314
314
314
314
306
306
306
306
306
309
309
309
309
309
309
310
310
310
310
310
319
319
319
319
319
321
321
321
321
321
321
347
347
347
347
347
385
385
385
385
385
515
515
515
515
515
515
973
973
973
973
973
1436
1436
1436
1436
1436
1766
1766
1766
1766
1766
1766
1886
1886
1886
1886
1886
1882
1882
1882
1882
1882
1609
1609
1609
1609
1609
1609
1184
1184
1184
1184
1184
693
693
693
693
693
447
447
447
447
447
447
369
369
369
369
369
339
339
339
339
339
320
320
320
320
320
320
300
300
300
300
300
313
313
313
313
313
304
304
304
304
304
304
314
314
314
314
314
323
323
323
323
323
334
334
334
334
334
334
343
343
343
343
343
392
392
392
392
392
418
418
418
418
418
418
498
498
498
498
498
510
510
510
510
510
503
503
503
503
503
503
454
454
454
454
454
438
438
438
438
438
392
392
392
392
392
392
368
368
368
368
368
373
373
373
373
373
355
355
355
355
355
355
360
360
360
360
360
363
363
363
363
363
354
354
354
354
354
354
378
378
378
378
378
398
398
398
398
398
428
428
428
428
428
428
497
497
497
497
497
616
616
616
616
616
673
673
673
673
673
673
710
710
710
710
710
661
661
661
661
661
483
483
483
483
483
483
442
442
442
442
442
392
392
392
392
392
356
356
356
356
356
356
347
347
347
347
347
342
342
342
342
342
336
336
336
336
336
336
334
334
334
334
334
357
357
357
357
357
352
352
352
352
352
352
398
398
398
398
398
412
412
412
412
412
457
457
457
457
457
457
517
517
517
517
517
552
552
552
552
552
536
536
536
536
536
536
533
533
533
533
533
529
529
529
529
529
492
492
492
492
492
492
487
487
487
487
487
431
431
431
431
431
402
402
402
402
402
402
404
404
404
404
404
380
380
380
380
380
377
377
377
377
377
377
396
396
396
396
396
376
376
376
376
376
386
386
386
386
386
386
388
388
388
388
388
380
380
380
380
380
383
383
383
383
383
383
367
367
367
367
367
382
382
382
382
382
371
371
371
371
371
371
384
384
384
384
384
394
394
394
394
394
399
399
399
399
399
399
403
403
403
403
403
403
403
403
403
403
445
445
445
445
445
445
438
438
438
438
438
441
441
441
441
441
451
451
451
451
451
451
430
430
430
430
430
421
421
421
421
421
404
404
404
404
404
404
383
383
383
383
383
377
377
377
377
377
366
366
366
366
366
366
359
359
359
359
359
355
355
355
355
355
357
357
357
357
357
357
381
381
381
381
381
403
403
403
403
403
371
371
371
371
371
371
442
442
442
442
442
457
457
457
457
457
473
473
473
473
473
473
457
457
457
457
457
462
462
462
462
462
436
436
436
436
436
436
411
411
411
411
411
400
400
400
400
400
391
391
391
391
391
391
394
394
394
394
394
396
396
396
396
396
373
373
373
373
373
373
372
372
372
372
372
377
377
377
377
377
390
390
390
390
390
390
387
387
387
387
387
417
417
417
417
417
427
427
427
427
427
427
450
450
450
450
450
460
460
460
460
460
478
478
478
478
478
478
464
464
464
464
464
440
440
440
440
440
391
391
391
391
391
391
389
389
389
389
389
377
377
377
377
377
367
367
367
367
367
367
355
355
355
355
355
353
353
353
353
353
366
366
366
366
366
366
359
359
359
359
359
375
375
375
375
375
391
391
391
391
391
391
409
409
409
409
409
418
418
418
418
418
421
421
421
421
421
421
436
436
436
436
436
448
448
448
448
448
437
437
437
437
437
437
431
431
431
431
431
401
401
401
401
401
378
378
378
378
378
378
391
391
391
391
391
403
403
403
403
403
388
388
388
388
388
388
387
387
387
387
387
382
382
382
382
382
397
397
397
397
397
397
396
396
396
396
396
390
390
390
390
390
410
410
410
410
410
410
394
394
394
394
394
396
396
396
396
396
412
412
412
412
412
412
415
415
415
415
415
415
415
415
415
415
437
437
437
437
437
437
424
424
424
424
424
411
411
411
411
411
426
426
426
426
426
426
409
409
409
409
409
411
411
411
411
411
384
384
384
384
384
384
375
375
375
375
375
384
384
384
384
384
370
370
370
370
370
370
378
378
378
378
378
385
385
385
385
385
382
382
382
382
382
382
397
397
397
397
397
393
393
393
393
393
397
397
397
397
397
397
419
419
419
419
419
418
418
418
418
418
430
430
430
430
430
430
441
441
441
441
441
429
429
429
429
429
428
428
428
428
428
428
406
406
406
406
406
392
392
392
392
392
373
373
373
373
373
373
375
375
375
375
375
350
350
350
350
350
356
356
356
356
356
356
365
365
365
365
365
361
361
361
361
361
367
367
367
367
367
367
377
377
377
377
377
389
389
389
389
389
396
396
396
396
396
396
411
411
411
411
411
414
414
414
414
414
422
422
422
422
422
422
422
422
422
422
422
433
433
433
433
433
405
405
405
405
405
405
414
414
414
414
414
407
407
407
407
407
397
397
397
397
397
397
376
376
376
376
376
383
383
383
383
383
386
386
386
386
386
386
395
395
395
395
395
388
388
388
388
388
382
382
382
382
382
382
377
377
377
377
377
391
391
391
391
391
405
405
405
405
405
405
415
415
415
415
415
411
411
411
411
411
428
428
428
428
428
428
417
417
417
417
417
422
422
422
422
422
412
412
412
412
412
412
404
404
404
404
404
386
386
386
386
386
389
389
389
389
389
389
382
382
382
382
382
386
386
386
386
386
391
391
391
391
391
391
384
384
384
384
384
400
400
400
400
400
409
409
409
409
409
409
406
406
406
406
406
396
396
396
396
396
410
410
410
410
410
410
404
404
404
404
404
410
410
410
410
410
402
402
402
402
402
402
398
398
398
398
398
405
405
405
405
405
415
415
415
415
415
415
422
422
422
422
422
411
411
411
411
411
409
409
409
409
409
409
407
407
407
407
407
374
374
374
374
374
389
389
389
389
389
389
382
382
382
382
382
379
379
379
379
379
375
375
375
375
375
375
382
382
382
382
382
383
383
383
383
383
386
386
386
386
386
386
390
390
390
390
390
401
401
401
401
401
405
405
405
405
405
405
409
409
409
409
409
418
418
418
418
418
409
409
409
409
409
409
423
423
423
423
423
411
411
411
411
411
420
420
420
420
420
420
422
422
422
422
422
407
407
407
407
407
404
404
404
404
404
404
401
401
401
401
401
401
401
401
401
401
400
400
400
400
400
400
393
393
393
393
393
390
390
390
390
390
379
379
379
379
379
379
383
383
383
383
383
374
374
374
374
374
393
393
393
393
393
393
385
385
385
385
385
399
399
399
399
399
394
394
394
394
394
394
398
398
398
398
398
389
389
389
389
389
396
396
396
396
396
396
404
404
404
404
404
418
418
418
418
418
424
424
424
424
424
424
428
428
428
428
428
429
429
429
429
429
406
406
406
406
406
406
397
397
397
397
397
403
403
403
403
403
389
389
389
389
389
389
380
380
380
380
380
395
395
395
395
395
378
378
378
378
378
378
383
383
383
383
383
384
384
384
384
384
390
390
390
390
390
390
414
414
414
414
414
413
413
413
413
413
427
427
427
427
427
427
431
431
431
431
431
433
433
433
433
433
427
427
427
427
427
427
427
427
427
427
427
408
408
408
408
408
395
395
395
395
395
395
409
409
409
409
409
384
384
384
384
384
383
383
383
383
383
383
383
383
383
383
383
372
372
372
372
372
374
374
374
374
374
374
384
384
384
384
384
381
381
381
381
381
406
406
406
406
406
406
401
401
401
401
401
404
404
404
404
404
413
413
413
413
413
413
403
403
403
403
403
418
418
418
418
418
401
401
401
401
401
401
400
400
400
400
400
399
399
399
399
399
394
394
394
394
394
394
411
411
411
411
411
383
383
383
383
383
383
383
383
383
383
383
388
388
388
388
388
376
376
376
376
376
381
381
381
381
381
381
404
404
404
404
404
405
405
405
405
405
414
414
414
414
414
414
402
402
402
402
402
413
413
413
413
413
415
415
415
415
415
415
415
415
415
415
415
403
403
403
403
403
399
399
399
399
399
399
406
406
406
406
406
399
399
399
399
399
396
396
396
396
396
396
397
397
397
397
397
401
401
401
401
401
398
398
398
398
398
398
386
386
386
386
386
394
394
394
394
394
410
410
410
410
410
410
386
386
386
386
386
413
413
413
413
413
398
398
398
398
398
398
396
396
396
396
396
391
391
391
391
391
399
399
399
399
399
399
389
389
389
389
389
382
382
382
382
382
396
396
396
396
396
396
373
373
373
373
373
386
386
386
386
386
384
384
384
384
384
384
406
406
406
406
406
404
404
404
404
404
410
410
410
410
410
410
414
414
414
414
414
408
408
408
408
408
417
417
417
417
417
417
418
418
418
418
418
416
416
416
416
416
413
413
413
413
413
413
413
413
413
413
413
392
392
392
392
392
379
379
379
379
379
379
398
398
398
398
398
395
395
395
395
395
401
401
401
401
401
401
398
398
398
398
398
391
391
391
391
391
407
407
407
407
407
407
400
400
400
400
400
403
403
403
403
403
396
396
396
396
396
396
400
400
400
400
400
397
397
397
397
397
405
405
405
405
405
405
398
398
398
398
398
395
395
395
395
395
369
369
369
369
369
369
408
408
408
408
408
394
394
394
394
394
394
394
394
394
394
394
405
405
405
405
405
406
406
406
406
406
398
398
398
398
398
398
392
392
392
392
392
404
404
404
404
404
417
417
417
417
417
417
414
414
414
414
414
398
398
398
398
398
404
404
404
404
404
404
398
398
398
398
398
401
401
401
401
401
392
392
392
392
392
392
382
382
382
382
382
389
389
389
389
389
403
403
403
403
403
403
388
388
388
388
388
401
401
401
401
401
409
409
409
409
409
409
394
394
394
394
394
402
402
402
402
402
408
408
408
408
408
408
417
417
417
417
417
412
412
412
412
412
392
392
392
392
392
392
417
417
417
417
417
408
408
408
408
408
398
398
398
398
398
398
392
392
392
392
392
419
419
419
419
419
387
387
387
387
387
387
387
387
387
387
387
379
379
379
379
379
390
390
390
390
390
390
415
415
415
415
415
400
400
400
400
400
412
412
412
412
412
412
400
400
400
400
400
398
398
398
398
398
404
404
404
404
404
404
401
401
401
401
401
405
405
405
405
405
385
385
385
385
385
385
412
412
412
412
412
376
376
376
376
376
392
392
392
392
392
392
383
383
383
383
383
391
391
391
391
391
416
416
416
416
416
416
407
407
407
407
407
434
434
434
434
434
432
432
432
432
432
432
434
434
434
434
434
411
411
411
411
411
419
419
419
419
419
419
405
405
405
405
405
402
402
402
402
402
377
377
377
377
377
377
374
374
374
374
374
373
373
373
373
373
385
385
385
385
385
385
408
408
408
408
408
385
385
385
385
385
391
391
391
391
391
391
393
393
393
393
393
406
406
406
406
406
415
415
415
415
415
415
407
407
407
407
407
393
393
393
393
393
435
435
435
435
435
435
433
433
433
433
433
426
426
426
426
426
427
427
427
427
427
427
416
416
416
416
416
402
402
402
402
402
413
413
413
413
413
413
391
391
391
391
391
403
403
403
403
403
388
388
388
388
388
388
402
402
402
402
402
403
403
403
403
403
396
396
396
396
396
396
397
397
397
397
397
401
401
401
401
401
404
404
404
404
404
404
397
397
397
397
397
395
395
395
395
395
397
397
397
397
397
397
389
389
389
389
389
391
391
391
391
391
395
395
395
395
395
395
399
399
399
399
399
412
412
412
412
412
404
404
404
404
404
404
403
403
403
403
403
407
407
407
407
407
420
420
420
420
420
420
405
405
405
405
405
393
393
393
393
393
400
400
400
400
400
400
395
395
395
395
395
388
388
388
388
388
395
395
395
395
395
395
396
396
396
396
396
393
393
393
393
393
395
395
395
395
395
395
412
412
412
412
412
396
396
396
396
396
409
409
409
409
409
409
419
419
419
419
419
404
404
404
404
404
396
396
396
396
396
396
397
397
397
397
397
390
390
390
390
390
396
396
396
396
396
396
411
411
411
411
411
388
388
388
388
388
395
395
395
395
395
395
380
380
380
380
380
386
386
386
386
386
403
403
403
403
403
403
395
395
395
395
395
394
394
394
394
394
396
396
396
396
396
396
387
387
387
387
387
392
392
392
392
392
383
383
383
383
383
383
415
415
415
415
415
395
395
395
395
395
396
396
396
396
396
396
392
392
392
392
392
393
393
393
393
393
399
399
399
399
399
399
390
390
390
390
390
394
394
394
394
394
402
402
402
402
402
402
394
394
394
394
394
403
403
403
403
403
395
395
395
395
395
395
400
400
400
400
400
399
399
399
399
399
409
409
409
409
409
409
400
400
400
400
400
405
405
405
405
405
400
400
400
400
400
400
408
408
408
408
408
376
376
376
376
376
399
399
399
399
399
399
376
376
376
376
376
386
386
386
386
386
398
398
398
398
398
398
388
388
388
388
388
383
383
383
383
383
386
386
386
386
386
386
393
393
393
393
393
384
384
384
384
384
397
397
397
397
397
397
414
414
414
414
414
391
391
391
391
391
408
408
408
408
408
408
401
401
401
401
401
405
405
405
405
405
412
412
412
412
412
412
387
387
387
387
387
406
406
406
406
406
413
413
413
413
413
413
407
407
407
407
407
396
396
396
396
396
394
394
394
394
394
394
404
404
404
404
404
404
404
404
404
404
409
409
409
409
409
409
401
401
401
401
401
415
415
415
415
415
408
408
408
408
408
408
417
417
417
417
417
447
447
447
447
447
407
407
407
407
407
407
396
396
396
396
396
392
392
392
392
392
382
382
382
382
382
382
402
402
402
402
402
375
375
375
375
375
393
393
393
393
393
393
396
396
396
396
396
398
398
398
398
398
399
399
399
399
399
399
393
393
393
393
393
403
403
403
403
403
389
389
389
389
389
389
388
388
388
388
388
393
393
393
393
393
415
415
415
415
415
415
407
407
407
407
407
407
407
407
407
407
425
425
425
425
425
425
400
400
400
400
400
399
399
399
399
399
388
388
388
388
388
388
404
404
404
404
404
413
413
413