2072
2077
2077
2077
2077
2077
2007
2007
2007
2007
2007
2007
1856
1856
1856
1856
1856
1663
1663
1663
1663
1663
1460
1460
1460
1460
1460
1460
1254
1254
1254
1254
1254
1116
1116
1116
1116
1116
1012
1012
1012
1012
1012
1012
997
997
997
997
997
1028
1028
1028
1028
1028
1123
1123
1123
1123
1123
1123
1259
1259
1259
1259
1259
1377
1377
1377
1377
1377
1501
1501
1501
1501
1501
1501
1558
1558
1558
1558
1558
1580
1580
1580
1580
1580
1573
1573
1573
1573
1573
1573
1544
1544
1544
1544
1544
1507
1507
1507
1507
1507
1490
1490
1490
1490
1490
1490
1475
1475
1475
1475
1475
1517
1517
1517
1517
1517
1549
1549
1549
1549
1549
1549
1581
1581
1581
1581
1581
1577
1577
1577
1577
1577
1584
1584
1584
1584
1584
1584
1524
1524
1524
1524
1524
1489
1489
1489
1489
1489
1420
1420
1420
1420
1420
1420
1345
1345
1345
1345
1345
1295
1295
1295
1295
1295
1272
1272
1272
1272
1272
1272
1265
1265
1265
1265
1265
1271
1271
1271
1271
1271
1285
1285
1285
1285
1285
1285
1314
1314
1314
1314
1314
1362
1362
1362
1362
1362
1409
1409
1409
1409
1409
1409
1474
1474
1474
1474
1474
1487
1487
1487
1487
1487
1476
1476
1476
1476
1476
1476
1446
1446
1446
1446
1446
1398
1398
1398
1398
1398
1305
1305
1305
1305
1305
1305
1224
1224
1224
1224
1224
1173
1173
1173
1173
1173
1165
1165
1165
1165
1165
1165
1211
1211
1211
1211
1211
1284
1284
1284
1284
1284
1408
1408
1408
1408
1408
1408
1514
1514
1514
1514
1514
1593
1593
1593
1593
1593
1655
1655
1655
1655
1655
1655
1667
1667
1667
1667
1667
1622
1622
1622
1622
1622
1566
1566
1566
1566
1566
1566
1491
1491
1491
1491
1491
1402
1402
1402
1402
1402
1320
1320
1320
1320
1320
1320
1243
1243
1243
1243
1243
1181
1181
1181
1181
1181
1142
1142
1142
1142
1142
1142
1149
1149
1149
1149
1149
1198
1198
1198
1198
1198
1289
1289
1289
1289
1289
1289
1414
1414
1414
1414
1414
1529
1529
1529
1529
1529
1611
1611
1611
1611
1611
1611
1666
1666
1666
1666
1666
1695
1695
1695
1695
1695
1637
1637
1637
1637
1637
1637
1560
1560
1560
1560
1560
1458
1458
1458
1458
1458
1365
1365
1365
1365
1365
1365
1279
1279
1279
1279
1279
1230
1230
1230
1230
1230
1214
1214
1214
1214
1214
1214
1255
1255
1255
1255
1255
1310
1310
1310
1310
1310
1384
1384
1384
1384
1384
1384
1454
1454
1454
1454
1454
1485
1485
1485
1485
1485
1541
1541
1541
1541
1541
1541
1529
1529
1529
1529
1529
1495
1495
1495
1495
1495
1435
1435
1435
1435
1435
1435
1370
1370
1370
1370
1370
1317
1317
1317
1317
1317
1272
1272
1272
1272
1272
1272
1266
1266
1266
1266
1266
1255
1255
1255
1255
1255
1302
1302
1302
1302
1302
1302
1375
1375
1375
1375
1375
1433
1433
1433
1433
1433
1511
1511
1511
1511
1511
1511
1559
1559
1559
1559
1559
1577
1577
1577
1577
1577
1538
1538
1538
1538
1538
1538
1475
1475
1475
1475
1475
1401
1401
1401
1401
1401
1314
1314
1314
1314
1314
1314
1250
1250
1250
1250
1250
1238
1238
1238
1238
1238
1206
1206
1206
1206
1206
1206
1205
1205
1205
1205
1205
1285
1285
1285
1285
1285
1322
1322
1322
1322
1322
1322
1385
1385
1385
1385
1385
1440
1440
1440
1440
1440
1487
1487
1487
1487
1487
1487
1537
1537
1537
1537
1537
1561
1561
1561
1561
1561
1556
1556
1556
1556
1556
1556
1519
1519
1519
1519
1519
1474
1474
1474
1474
1474
1398
1398
1398
1398
1398
1398
1341
1341
1341
1341
1341
1274
1274
1274
1274
1274
1236
1236
1236
1236
1236
1236
1237
1237
1237
1237
1237
1256
1256
1256
1256
1256
1336
1336
1336
1336
1336
1336
1401
1401
1401
1401
1401
1490
1490
1490
1490
1490
1547
1547
1547
1547
1547
1547
1556
1556
1556
1556
1556
1541
1541
1541
1541
1541
1507
1507
1507
1507
1507
1507
1446
1446
1446
1446
1446
1379
1379
1379
1379
1379
1307
1307
1307
1307
1307
1307
1273
1273
1273
1273
1273
1260
1260
1260
1260
1260
1247
1247
1247
1247
1247
1247
1273
1273
1273
1273
1273
1283
1283
1283
1283
1283
1326
1326
1326
1326
1326
1326
1342
1342
1342
1342
1342
1380
1380
1380
1380
1380
1399
1399
1399
1399
1399
1399
1424
1424
1424
1424
1424
1437
1437
1437
1437
1437
1458
1458
1458
1458
1458
1458
1445
1445
1445
1445
1445
1442
1442
1442
1442
1442
1417
1417
1417
1417
1417
1417
1409
1409
1409
1409
1409
1406
1406
1406
1406
1406
1414
1414
1414
1414
1414
1414
1392
1392
1392
1392
1392
1409
1409
1409
1409
1409
1423
1423
1423
1423
1423
1423
1451
1451
1451
1451
1451
1470
1470
1470
1470
1470
1489
1489
1489
1489
1489
1489
1479
1479
1479
1479
1479
1458
1458
1458
1458
1458
1439
1439
1439
1439
1439
1439
1405
1405
1405
1405
1405
1340
1340
1340
1340
1340
1283
1283
1283
1283
1283
1283
1227
1227
1227
1227
1227
1207
1207
1207
1207
1207
1200
1200
1200
1200
1200
1200
1225
1225
1225
1225
1225
1261
1261
1261
1261
1261
1304
1304
1304
1304
1304
1304
1352
1352
1352
1352
1352
1392
1392
1392
1392
1392
1400
1400
1400
1400
1400
1400
1420
1420
1420
1420
1420
1438
1438
1438
1438
1438
1443
1443
1443
1443
1443
1443
1444
1444
1444
1444
1444
1433
1433
1433
1433
1433
1441
1441
1441
1441
1441
1441
1454
1454
1454
1454
1454
1454
1454
1454
1454
1454
1457
1457
1457
1457
1457
1457
1445
1445
1445
1445
1445
1421
1421
1421
1421
1421
1391
1391
1391
1391
1391
1391
1352
1352
1352
1352
1352
1340
1340
1340
1340
1340
1337
1337
1337
1337
1337
1337
1340
1340
1340
1340
1340
1373
1373
1373
1373
1373
1406
1406
1406
1406
1406
1406
1456
1456
1456
1456
1456
1462
1462
1462
1462
1462
1455
1455
1455
1455
1455
1455
1433
1433
1433
1433
1433
1380
1380
1380
1380
1380
1348
1348
1348
1348
1348
1348
1317
1317
1317
1317
1317
1296
1296
1296
1296
1296
1272
1272
1272
1272
1272
1272
1308
1308
1308
1308
1308
1346
1346
1346
1346
1346
1365
1365
1365
1365
1365
1365
1404
1404
1404
1404
1404
1433
1433
1433
1433
1433
1429
1429
1429
1429
1429
1429
1462
1462
1462
1462
1462
1399
1399
1399
1399
1399
1406
1406
1406
1406
1406
1406
1384
1384
1384
1384
1384
1362
1362
1362
1362
1362
1334
1334
1334
1334
1334
1334
1346
1346
1346
1346
1346
1363
1363
1363
1363
1363
1362
1362
1362
1362
1362
1362
1396
1396
1396
1396
1396
1418
1418
1418
1418
1418
1429
1429
1429
1429
1429
1429
1424
1424
1424
1424
1424
1412
1412
1412
1412
1412
1412
1412
1412
1412
1412
1412
1403
1403
1403
1403
1403
1405
1405
1405
1405
1405
1405
1405
1405
1405
1405
1405
1382
1382
1382
1382
1382
1379
1379
1379
1379
1379
1393
1393
1393
1393
1393
1393
1352
1352
1352
1352
1352
1328
1328
1328
1328
1328
1316
1316
1316
1316
1316
1316
1294
1294
1294
1294
1294
1289
1289
1289
1289
1289
1298
1298
1298
1298
1298
1298
1328
1328
1328
1328
1328
1333
1333
1333
1333
1333
1360
1360
1360
1360
1360
1360
1395
1395
1395
1395
1395
1398
1398
1398
1398
1398
1391
1391
1391
1391
1391
1391
1417
1417
1417
1417
1417
1429
1429
1429
1429
1429
1415
1415
1415
1415
1415
1415
1405
1405
1405
1405
1405
1427
1427
1427
1427
1427
1413
1413
1413
1413
1413
1413
1416
1416
1416
1416
1416
1408
1408
1408
1408
1408
1406
1406
1406
1406
1406
1406
1395
1395
1395
1395
1395
1408
1408
1408
1408
1408
1401
1401
1401
1401
1401
1401
1401
1401
1401
1401
1401
1388
1388
1388
1388
1388
1382
1382
1382
1382
1382
1382
1387
1387
1387
1387
1387
1366
1366
1366
1366
1366
1359
1359
1359
1359
1359
1359
1353
1353
1353
1353
1353
1327
1327
1327
1327
1327
1329
1329
1329
1329
1329
1329
1310
1310
1310
1310
1310
1319
1319
1319
1319
1319
1326
1326
1326
1326
1326
1326
1319
1319
1319
1319
1319
1325
1325
1325
1325
1325
1337
1337
1337
1337
1337
1337
1369
1369
1369
1369
1369
1400
1400
1400
1400
1400
1394
1394
1394
1394
1394
1394
1399
1399
1399
1399
1399
1407
1407
1407
1407
1407
1404
1404
1404
1404
1404
1404
1414
1414
1414
1414
1414
1399
1399
1399
1399
1399
1386
1386
1386
1386
1386
1386
1386
1386
1386
1386
1386
1379
1379
1379
1379
1379
1382
1382
1382
1382
1382
1382
1392
1392
1392
1392
1392
1383
1383
1383
1383
1383
1392
1392
1392
1392
1392
1392
1378
1378
1378
1378
1378
1370
1370
1370
1370
1370
1364
1364
1364
1364
1364
1364
1354
1354
1354
1354
1354
1332
1332
1332
1332
1332
1336
1336
1336
1336
1336
1336
1338
1338
1338
1338
1338
1337
1337
1337
1337
1337
1338
1338
1338
1338
1338
1338
1364
1364
1364
1364
1364
1377
1377
1377
1377
1377
1373
1373
1373
1373
1373
1373
1375
1375
1375
1375
1375
1383
1383
1383
1383
1383
1372
1372
1372
1372
1372
1372
1373
1373
1373
1373
1373
1396
1396
1396
1396
1396
1411
1411
1411
1411
1411
1411
1416
1416
1416
1416
1416
1409
1409
1409
1409
1409
1412
1412
1412
1412
1412
1412
1400
1400
1400
1400
1400
1378
1378
1378
1378
1378
1343
1343
1343
1343
1343
1343
1330
1330
1330
1330
1330
1300
1300
1300
1300
1300
1295
1295
1295
1295
1295
1295
1287
1287
1287
1287
1287
1295
1295
1295
1295
1295
1302
1302
1302
1302
1302
1302
1329
1329
1329
1329
1329
1351
1351
1351
1351
1351
1385
1385
1385
1385
1385
1385
1400
1400
1400
1400
1400
1407
1407
1407
1407
1407
1420
1420
1420
1420
1420
1420
1408
1408
1408
1408
1408
1402
1402
1402
1402
1402
1396
1396
1396
1396
1396
1396
1380
1380
1380
1380
1380
1380
1380
1380
1380
1380
1350
1350
1350
1350
1350
1350
1326
1326
1326
1326
1326
1332
1332
1332
1332
1332
1334
1334
1334
1334
1334
1334
1326
1326
1326
1326
1326
1351
1351
1351
1351
1351
1345
1345
1345
1345
1345
1345
1345
1345
1345
1345
1345
1369
1369
1369
1369
1369
1386
1386
1386
1386
1386
1386
1405
1405
1405
1405
1405
1411
1411
1411
1411
1411
1420
1420
1420
1420
1420
1420
1413
1413
1413
1413
1413
1389
1389
1389
1389
1389
1343
1343
1343
1343
1343
1343
1337
1337
1337
1337
1337
1311
1311
1311
1311
1311
1276
1276
1276
1276
1276
1276
1274
1274
1274
1274
1274
1289
1289
1289
1289
1289
1283
1283
1283
1283
1283
1283
1324
1324
1324
1324
1324
1343
1343
1343
1343
1343
1370
1370
1370
1370
1370
1370
1402
1402
1402
1402
1402
1397
1397
1397
1397
1397
1419
1419
1419
1419
1419
1419
1411
1411
1411
1411
1411
1399
1399
1399
1399
1399
1378
1378
1378
1378
1378
1378
1356
1356
1356
1356
1356
1331
1331
1331
1331
1331
1349
1349
1349
1349
1349
1349
1319
1319
1319
1319
1319
1314
1314
1314
1314
1314
1315
1315
1315
1315
1315
1315
1312
1312
1312
1312
1312
1311
1311
1311
1311
1311
1327
1327
1327
1327
1327
1327
1344
1344
1344
1344
1344
1360
1360
1360
1360
1360
1363
1363
1363
1363
1363
1363
1372
1372
1372
1372
1372
1364
1364
1364
1364
1364
1370
1370
1370
1370
1370
1370
1353
1353
1353
1353
1353
1343
1343
1343
1343
1343
1334
1334
1334
1334
1334
1334
1325
1325
1325
1325
1325
1327
1327
1327
1327
1327
1358
1358
1358
1358
1358
1358
1341
1341
1341
1341
1341
1384
1384
1384
1384
1384
1376
1376
1376
1376
1376
1376
1393
1393
1393
1393
1393
1382
1382
1382
1382
1382
1382
1382
1382
1382
1382
1382
1375
1375
1375
1375
1375
1351
1351
1351
1351
1351
1369
1369
1369
1369
1369
1369
1351
1351
1351
1351
1351
1344
1344
1344
1344
1344
1333
1333
1333
1333
1333
1333
1324
1324
1324
1324
1324
1288
1288
1288
1288
1288
1306
1306
1306
1306
1306
1306
1260
1260
1260
1260
1260
1273
1273
1273
1273
1273
1256
1256
1256
1256
1256
1256
1263
1263
1263
1263
1263
1288
1288
1288
1288
1288
1301
1301
1301
1301
1301
1301
1314
1314
1314
1314
1314
1340
1340
1340
1340
1340
1372
1372
1372
1372
1372
1372
1413
1413
1413
1413
1413
1418
1418
1418
1418
1418
1418
1418
1418
1418
1418
1418
1438
1438
1438
1438
1438
1406
1406
1406
1406
1406
1406
1406
1406
1406
1406
1406
1387
1387
1387
1387
1387
1356
1356
1356
1356
1356
1341
1341
1341
1341
1341
1341
1335
1335
1335
1335
1335
1306
1306
1306
1306
1306
1323
1323
1323
1323
1323
1323
1324
1324
1324
1324
1324
1326
1326
1326
1326
1326
1338
1338
1338
1338
1338
1338
1366
1366
1366
1366
1366
1364
1364
1364
1364
1364
1377
1377
1377
1377
1377
1377
1371
1371
1371
1371
1371
1362
1362
1362
1362
1362
1348
1348
1348
1348
1348
1348
1348
1348
1348
1348
1348
1345
1345
1345
1345
1345
1319
1319
1319
1319
1319
1319
1320
1320
1320
1320
1320
1311
1311
1311
1311
1311
1303
1303
1303
1303
1303
1303
1316
1316
1316
1316
1316
1328
1328
1328
1328
1328
1338
1338
1338
1338
1338
1338
1357
1357
1357
1357
1357
1361
1361
1361
1361
1361
1360
1360
1360
1360
1360
1360
1374
1374
1374
1374
1374
1359
1359
1359
1359
1359
1359
1359
1359
1359
1359
1359
1320
1320
1320
1320
1320
1338
1338
1338
1338
1338
1338
1338
1338
1338
1338
1338
1337
1337
1337
1337
1337
1349
1349
1349
1349
1349
1360
1360
1360
1360
1360
1360
1370
1370
1370
1370
1370
1373
1373
1373
1373
1373
1363
1363
1363
1363
1363
1363
1363
1363
1363
1363
1363
1362
1362
1362
1362
1362
1345
1345
1345
1345
1345
1345
1305
1305
1305
1305
1305
1328
1328
1328
1328
1328
1306
1306
1306
1306
1306
1306
1308
1308
1308
1308
1308
1320
1320
1320
1320
1320
1346
1346
1346
1346
1346
1346
1377
1377
1377
1377
1377
1417
1417
1417
1417
1417
1448
1448
1448
1448
1448
1448
1455
1455
1455
1455
1455
1482
1482
1482
1482
1482
1477
1477
1477
1477
1477
1477
1465
1465
1465
1465
1465
1444
1444
1444
1444
1444
1421
1421
1421
1421
1421
1421
1387
1387
1387
1387
1387
1357
1357
1357
1357
1357
1319
1319
1319
1319
1319
1319
1305
1305
1305
1305
1305
1323
1323
1323
1323
1323
1328
1328
1328
1328
1328
1328
1352
1352
1352
1352
1352
1374
1374
1374
1374
1374
1418
1418
1418
1418
1418
1418
1449
1449
1449
1449
1449
1478
1478
1478
1478
1478
1507
1507
1507
1507
1507
1507
1507
1507
1507
1507
1507
1490
1490
1490
1490
1490
1490
1457
1457
1457
1457
1457
1438
1438
1438
1438
1438
1386
1386
1386
1386
1386
1377
1377
1377
1377
1377
1377
1352
1352
1352
1352
1352
1331
1331
1331
1331
1331
1329
1329
1329
1329
1329
1329
1329
1329
1329
1329
1329
1334
1334
1334
1334
1334
1334
1351
1351
1351
1351
1351
1355
1355
1355
1355
1355
1385
1385
1385
1385
1385
1403
1403
1403
1403
1403
1403
1413
1413
1413
1413
1413
1419
1419
1419
1419
1419
1424
1424
1424
1424
1424
1424
1453
1453
1453
1453
1453
1468
1468
1468
1468
1468
1468
1483
1483
1483
1483
1483
1481
1481
1481
1481
1481
1483
1483
1483
1483
1483
1496
1496
1496
1496
1496
1496
1472
1472
1472
1472
1472
1461
1461
1461
1461
1461
1433
1433
1433
1433
1433
1433
1392
1392
1392
1392
1392
1319
1319
1319
1319
1319
1319
1269
1269
1269
1269
1269
1232
1232
1232
1232
1232
1199
1199
1199
1199
1199
1192
1192
1192
1192
1192
1192
1220
1220
1220
1220
1220
1240
1240
1240
1240
1240
1304
1304
1304
1304
1304
1304
1370
1370
1370
1370
1370
1455
1455
1455
1455
1455
1455
1498
1498
1498
1498
1498
1551
1551
1551
1551
1551
1562
1562
1562
1562
1562
1565
1565
1565
1565
1565
1565
1540
1540
1540
1540
1540
1509
1509
1509
1509
1509
1459
1459
1459
1459
1459
1459
1388
1388
1388
1388
1388
1345
1345
1345
1345
1345
1345
1303
1303
1303
1303
1303
1258
1258
1258
1258
1258
1266
1266
1266
1266
1266
1255
1255
1255
1255
1255
1255
1278
1278
1278
1278
1278
1291
1291
1291
1291
1291
1320
1320
1320
1320
1320
1320
1370
1370
1370
1370
1370
1409
1409
1409
1409
1409
1409
1456
1456
1456
1456
1456
1489
1489
1489
1489
1489
1521
1521
1521
1521
1521
1526
1526
1526
1526
1526
1526
1551
1551
1551
1551
1551
1532
1532
1532
1532
1532
1508
1508
1508
1508
1508
1508
1491
1491
1491
1491
1491
1433
1433
1433
1433
1433
1433
1400
1400
1400
1400
1400
1361
1361
1361
1361
1361
1355
1355
1355
1355
1355
1355
1355
1355
1355
1355
1355
1361
1361
1361
1361
1361
1373
1373
1373
1373
1373
1404
1404
1404
1404
1404
1404
1435
1435
1435
1435
1435
1458
1458
1458
1458
1458
1458
1472
1472
1472
1472
1472
1482
1482
1482
1482
1482
1475
1475
1475
1475
1475
1474
1474
1474
1474
1474
1474
1436
1436
1436
1436
1436
1424
1424
1424
1424
1424
1405
1405
1405
1405
1405
1405
1369
1369
1369
1369
1369
1336
1336
1336
1336
1336
1336
1306
1306
1306
1306
1306
1294
1294
1294
1294
1294
1295
1295
1295
1295
1295
1305
1305
1305
1305
1305
1305
1340
1340
1340
1340
1340
1373
1373
1373
1373
1373
1416
1416
1416
1416
1416
1416
1460
1460
1460
1460
1460
1493
1493
1493
1493
1493
1493
1514
1514
1514
1514
1514
1512
1512
1512
1512
1512
1507
1507
1507
1507
1507
1495
1495
1495
1495
1495
1495
1469
1469
1469
1469
1469
1438
1438
1438
1438
1438
1427
1427
1427
1427
1427
1427
1392
1392
1392
1392
1392
1385
1385
1385
1385
1385
1385
1365
1365
1365
1365
1365
1353
1353
1353
1353
1353
1342
1342
1342
1342
1342
1331
1331
1331
1331
1331
1331
1334
1334
1334
1334
1334
1347
1347
1347
1347
1347
1351
1351
1351
1351
1351
1351
1373
1373
1373
1373
1373
1389
1389
1389
1389
1389
1389
1405
1405
1405
1405
1405
1402
1402
1402
1402
1402
1397
1397
1397
1397
1397
1401
1401
1401
1401
1401
1401
1406
1406
1406
1406
1406
1394
1394
1394
1394
1394
1398
1398
1398
1398
1398
1398
1436
1436
1436
1436
1436
1449
1449
1449
1449
1449
1449
1487
1487
1487
1487
1487
1512
1512
1512
1512
1512
1535
1535
1535
1535
1535
1556
1556
1556
1556
1556
1556
1578
1578
1578
1578
1578
1568
1568
1568
1568
1568
1570
1570
1570
1570
1570
1570
1568
1568
1568
1568
1568
1542
1542
1542
1542
1542
1542
1533
1533
1533
1533
1533
1506
1506
1506
1506
1506
1499
1499
1499
1499
1499
1486
1486
1486
1486
1486
1486
1487
1487
1487
1487
1487
1490
1490
1490
1490
1490
1493
1493
1493
1493
1493
1493
1513
1513
1513
1513
1513
1515
1515
1515
1515
1515
1515
1513
1513
1513
1513
1513
1510
1510
1510
1510
1510
1487
1487
1487
1487
1487
1464
1464
1464
1464
1464
1464
1440
1440
1440
1440
1440
1409
1409
1409
1409
1409
1381
1381
1381
1381
1381
1381
1359
1359
1359
1359
1359
1336
1336
1336
1336
1336
1336
1335
1335
1335
1335
1335
1349
1349
1349
1349
1349
1357
1357
1357
1357
1357
1402
1402
1402
1402
1402
1402
1436
1436
1436
1436
1436
1470
1470
1470
1470
1470
1513
1513
1513
1513
1513
1513
1539
1539
1539
1539
1539
1564
1564
1564
1564
1564
1564
1579
1579
1579
1579
1579
1563
1563
1563
1563
1563
1524
1524
1524
1524
1524
1484
1484
1484
1484
1484
1484
1402
1402
1402
1402
1402
1334
1334
1334
1334
1334
1240
1240
1240
1240
1240
1240
1162
1162
1162
1162
1162
1098
1098
1098
1098
1098
1098
1040
1040
1040
1040
1040
994
994
994
994
994
968
968
968
968
968
966
966
966
966
966
966
978
978
978
978
978
1009
1009
1009
1009
1009
1039
1039
1039
1039
1039
1039
1096
1096
1096
1096
1096
1174
1174
1174
1174
1174
1174
1256
1256
1256
1256
1256
1349
1349
1349
1349
1349
1419
1419
1419
1419
1419
1477
1477
1477
1477
1477
1477
1524
1524
1524
1524
1524
1513
1513
1513
1513
1513
1493
1493
1493
1493
1493
1493
1468
1468
1468
1468
1468
1415
1415
1415
1415
1415
1415
1377
1377
1377
1377
1377
1334
1334
1334
1334
1334
1319
1319
1319
1319
1319
1312
1312
1312
1312
1312
1312
1339
1339
1339
1339
1339
1381
1381
1381
1381
1381
1419
1419
1419
1419
1419
1419
1488
1488
1488
1488
1488
1553
1553
1553
1553
1553
1553
1609
1609
1609
1609
1609
1658
1658
1658
1658
1658
1663
1663
1663
1663
1663
1635
1635
1635
1635
1635
1635
1556
1556
1556
1556
1556
1448
1448
1448
1448
1448
1295
1295
1295
1295
1295
1295
1131
1131
1131
1131
1131
973
973
973
973
973
973
828
828
828
828
828
730
730
730
730
730
688
688
688
688
688
707
707
707
707
707
707
786
786
786
786
786
924
924
924
924
924
1105
1105
1105
1105
1105
1105
1342
1342
1342
1342
1342
1577
1577
1577
1577
1577
1577
1794
1794
1794
1794
1794
1973
1973
1973
1973
1973
2074
2074
2074
2074
2074
2131
2131
2131
2131
2131
2131
2116
2116
2116
2116
2116
2050
2050
2050
2050
2050
1914
1914
1914
1914
1914
1914
1722
1722
1722
1722
1722
1534
1534
1534
1534
1534
1534
1328
1328
1328
1328
1328
1148
1148
1148
1148
1148
973
973
973
973
973
856
856
856
856
856
856
780
780
780
780
780
780
780
780
780
780
796
796
796
796
796
796
868
868
868
868
868
954
954
954
954
954
954
1052
1052
1052
1052
1052
1167
1167
1167
1167
1167
1232
1232
1232
1232
1232
1281
1281
1281
1281
1281
1281
1285
1285
1285
1285
1285
1271
1271
1271
1271
1271
1238
1238
1238
1238
1238
1238
1190
1190
1190
1190
1190
1145
1145
1145
1145
1145
1145
1106
1106
1106
1106
1106
1082
1082
1082
1082
1082
1105
1105
1105
1105
1105
1121
1121
1121
1121
1121
1121
1166
1166
1166
1166
1166
1250
1250
1250
1250
1250
1334
1334
1334
1334
1334
1334
1455
1455
1455
1455
1455
1580
1580
1580
1580
1580
1580
1657
1657
1657
1657
1657
1753
1753
1753
1753
1753
1764
1764
1764
1764
1764
1748
1748
1748
1748
1748
1748
1685
1685
1685
1685
1685
1573
1573
1573
1573
1573
1450
1450
1450
1450
1450
1450
1302
1302
1302
1302
1302
1184
1184
1184
1184
1184
1184
1080
1080
1080
1080
1080
1018
1018
1018
1018
1018
1003
1003
1003
1003
1003
1015
1015
1015
1015
1015
1015
1063
1063
1063
1063
1063
1138
1138
1138
1138
1138
1226
1226
1226
1226
1226
1226
1320
1320
1320
1320
1320
1383
1383
1383
1383
1383
1383
1481
1481
1481
1481
1481
1545
1545
1545
1545
1545
1570
1570
1570
1570
1570
1616
1616
1616
1616
1616
1616
1596
1596
1596
1596
1596
1599
1599
1599
1599
1599
1561
1561
1561
1561
1561
1561
1506
1506
1506
1506
1506
1467
1467
1467
1467
1467
1467
1412
1412
1412
1412
1412
1379
1379
1379
1379
1379
1327
1327
1327
1327
1327
1322
1322
1322
1322
1322
1322
1316
1316
1316
1316
1316
1297
1297
1297
1297
1297
1301
1301
1301
1301
1301
1301
1280
1280
1280
1280
1280
1265
1265
1265
1265
1265
1265
1240
1240
1240
1240
1240
1228
1228
1228
1228
1228
1202
1202
1202
1202
1202
1208
1208
1208
1208
1208
1208
1219
1219
1219
1219
1219
1242
1242
1242
1242
1242
1272
1272
1272
1272
1272
1272
1316
1316
1316
1316
1316
1359
1359
1359
1359
1359
1359
1394
1394
1394
1394
1394
1413
1413
1413
1413
1413
1426
1426
1426
1426
1426
1432
1432
1432
1432
1432
1432
1400
1400
1400
1400
1400
1364
1364
1364
1364
1364
1305
1305
1305
1305
1305
1305
1284
1284
1284
1284
1284
1237
1237
1237
1237
1237
1237
1242
1242
1242
1242
1242
1241
1241
1241
1241
1241
1262
1262
1262
1262
1262
1304
1304
1304
1304
1304
1304
1324
1324
1324
1324
1324
1358
1358
1358
1358
1358
1396
1396
1396
1396
1396
1396
1432
1432
1432
1432
1432
1436
1436
1436
1436
1436
1436
1450
1450
1450
1450
1450
1437
1437
1437
1437
1437
1409
1409
1409
1409
1409
1379
1379
1379
1379
1379
1379
1321
1321
1321
1321
1321
1308
1308
1308
1308
1308
1245
1245
1245
1245
1245
1245
1217
1217
1217
1217
1217
1216
1216
1216
1216
1216
1216
1210
1210
1210
1210
1210
1245
1245
1245
1245
1245
1294
1294
1294
1294
1294
1346
1346
1346
1346
1346
1346
1408
1408
1408
1408
1408
1483
1483
1483
1483
1483
1510
1510
1510
1510
1510
1510
1529
1529
1529
1529
1529
1529
1529
1529
1529
1529
1529
1513
1513
1513
1513
1513
1455
1455
1455
1455
1455
1410
1410
1410
1410
1410
1364
1364
1364
1364
1364
1364
1298
1298
1298
1298
1298
1245
1245
1245
1245
1245
1214
1214
1214
1214
1214
1214
1194
1194
1194
1194
1194
1186
1186
1186
1186
1186
1186
1168
1168
1168
1168
1168
1195
1195
1195
1195
1195
1216
1216
1216
1216
1216
1260
1260
1260
1260
1260
1260
1282
1282
1282
1282
1282
1300
1300
1300
1300
1300
1343
1343
1343
1343
1343
1343
1355
1355
1355
1355
1355
1357
1357
1357
1357
1357
1357
1367
1367
1367
1367
1367
1351
1351
1351
1351
1351
1340
1340
1340
1340
1340
1335
1335
1335
1335
1335
1335
1294
1294
1294
1294
1294
1282
1282
1282
1282
1282
1273
1273
1273
1273
1273
1273
1259
1259
1259
1259
1259
1271
1271
1271
1271
1271
1271
1261
1261
1261
1261
1261
1292
1292
1292
1292
1292
1293
1293
1293
1293
1293
1335
1335
1335
1335
1335
1335
1346
1346
1346
1346
1346
1363
1363
1363
1363
1363
1381
1381
1381
1381
1381
1381
1421
1421
1421
1421
1421
1429
1429
1429
1429
1429
1429
1429
1429
1429
1429
1429
1423
1423
1423
1423
1423
1398
1398
1398
1398
1398
1370
1370
1370
1370
1370
1370
1321
1321
1321
1321
1321
1293
1293
1293
1293
1293
1262
1262
1262
1262
1262
1262
1229
1229
1229
1229
1229
1209
1209
1209
1209
1209
1209
1228
1228
1228
1228
1228
1224
1224
1224
1224
1224
1269
1269
1269
1269
1269
1293
1293
1293
1293
1293
1293
1324
1324
1324
1324
1324
1350
1350
1350
1350
1350
1363
1363
1363
1363
1363
1363
1367
1367
1367
1367
1367
1360
1360
1360
1360
1360
1360
1349
1349
1349
1349
1349
1342
1342
1342
1342
1342
1326
1326
1326
1326
1326
1303
1303
1303
1303
1303
1303
1291
1291
1291
1291
1291
1231
1231
1231
1231
1231
1225
1225
1225
1225
1225
1225
1191
1191
1191
1191
1191
1175
1175
1175
1175
1175
1175
1169
1169
1169
1169
1169
1175
1175
1175
1175
1175
1207
1207
1207
1207
1207
1223
1223
1223
1223
1223
1223
1262
1262
1262
1262
1262
1287
1287
1287
1287
1287
1325
1325
1325
1325
1325
1325
1344
1344
1344
1344
1344
1330
1330
1330
1330
1330
1330
1350
1350
1350
1350
1350
1317
1317
1317
1317
1317
1325
1325
1325
1325
1325
1317
1317
1317
1317
1317
1317
1294
1294
1294
1294
1294
1306
1306
1306
1306
1306
1301
1301
1301
1301
1301
1301
1292
1292
1292
1292
1292
1288
1288
1288
1288
1288
1288
1298
1298
1298
1298
1298
1303
1303
1303
1303
1303
1294
1294
1294
1294
1294
1290
1290
1290
1290
1290
1290
1298
1298
1298
1298
1298
1318
1318
1318
1318
1318
1319
1319
1319
1319
1319
1319
1332
1332
1332
1332
1332
1352
1352
1352
1352
1352
1352
1335
1335
1335
1335
1335
1355
1355
1355
1355
1355
1354
1354
1354
1354
1354
1331
1331
1331
1331
1331
1331
1346
1346
1346
1346
1346
1321
1321
1321
1321
1321
1322
1322
1322
1322
1322
1322
1307
1307
1307
1307
1307
1302
1302
1302
1302
1302
1302
1285
1285
1285
1285
1285
1281
1281
1281
1281
1281
1294
1294
1294
1294
1294
1287
1287
1287
1287
1287
1287
1285
1285
1285
1285
1285
1292
1292
1292
1292
1292
1293
1293
1293
1293
1293
1293
1297
1297
1297
1297
1297
1292
1292
1292
1292
1292
1292
1314
1314
1314
1314
1314
1293
1293
1293
1293
1293
1295
1295
1295
1295
1295
1289
1289
1289
1289
1289
1289
1275
1275
1275
1275
1275
1270
1270
1270
1270
1270
1266
1266
1266
1266
1266
1266
1259
1259
1259
1259
1259
1252
1252
1252
1252
1252
1252
1264
1264
1264
1264
1264
1230
1230
1230
1230
1230
1250
1250
1250
1250
1250
1254
1254
1254
1254
1254
1254
1252
1252
1252
1252
1252
1263
1263
1263
1263
1263
1264
1264
1264
1264
1264
1264
1278
1278
1278
1278
1278
1284
1284
1284
1284
1284
1284
1295
1295
1295
1295
1295
1318
1318
1318
1318
1318
1297
1297
1297
1297
1297
1300
1300
1300
1300
1300
1300
1303
1303
1303
1303
1303
1313
1313
1313
1313
1313
1330
1330
1330
1330
1330
1330
1327
1327
1327
1327
1327
1349
1349
1349
1349
1349
1349
1347
1347
1347
1347
1347
1366
1366
1366
1366
1366
1341
1341
1341
1341
1341
1342
1342
1342
1342
1342
1342
1313
1313
1313
1313
1313
1294
1294
1294
1294
1294